#
#Feature symbol names
#
$0 r1.9685
$1 r7.87402
$2 r3.93701
$3 r4.53543
$4 r12.7952


#
#Feature attribute names
#


#
#Layer features
#
L 0 3.8189 3.89764 3.8189 0 P 0
L 3.89764 3.8189 3.89764 -0.0000010 0 P 0
L 3.89764 -0.0000010 0 -0.0000010 0 P 0
L 0 -0.0000010 0 3.8189 0 P 0
L 3.66555 3.22224 3.69114 3.19665 2 P 0
L 3.69114 3.22224 3.66555 3.19665 2 P 0
L 3.66555 2.99468 3.69114 2.96909 2 P 0
L 3.69114 2.99468 3.66555 2.96909 2 P 0
A 0.68291300 3.38621900 0.63755900 3.38621900 0.66023600 3.38621900 3 P 0 Y
A 0.63755900 3.38621900 0.68291300 3.38621900 0.66023600 3.38621900 3 P 0 Y
A 1.28055100 0.18031400 1.23519700 0.18031400 1.25787400 0.18031400 3 P 0 Y
A 1.23519700 0.18031400 1.28055100 0.18031400 1.25787400 0.18031400 3 P 0 Y
A 2.81362200 0.27165200 2.76826800 0.27165200 2.79094500 0.27165200 3 P 0 Y
A 2.76826800 0.27165200 2.81362200 0.27165200 2.79094500 0.27165200 3 P 0 Y
L 3.59665 0.714362 3.59665 0.58641 4 P 0
L 3.53268 0.650386 3.66063 0.650386 4 P 0
L 3.59665 0.264762 3.59665 0.13681 4 P 0
L 3.53268 0.200786 3.66063 0.200786 4 P 0
L 0.277522 0.619721 0.277522 0.710198 4 P 0
L 0.277522 0.710198 0.187045 0.710198 4 P 0
L 0.187045 0.710198 0.187045 0.619721 4 P 0
L 0.187045 0.619721 0.277522 0.619721 4 P 0
L 0.277522 0.169721 0.277522 0.260198 4 P 0
L 0.277522 0.260198 0.187045 0.260198 4 P 0
L 0.187045 0.260198 0.187045 0.169721 4 P 0
L 0.187045 0.169721 0.277522 0.169721 4 P 0
L 0.326603 2.69946 0.326603 2.78994 4 P 0
L 0.326603 2.78994 0.236126 2.78994 4 P 0
L 0.236126 2.78994 0.236126 2.69946 4 P 0
L 0.236126 2.69946 0.326603 2.69946 4 P 0
L 0.327128 2.24964 0.327128 2.34012 4 P 0
L 0.327128 2.34012 0.236651 2.34012 4 P 0
L 0.236651 2.34012 0.236651 2.24964 4 P 0
L 0.236651 2.24964 0.327128 2.24964 4 P 0
L 0.101684 -0.123617 0.101684 -0.044877 1 P 0
L 0.101684 -0.044877 0.120432 -0.044877 1 P 0
L 0.120432 -0.044877 0.13168 -0.048626 1 P 0
L 0.13168 -0.048626 0.139179 -0.056125 1 P 0
L 0.139179 -0.056125 0.142929 -0.063624 1 P 0
L 0.142929 -0.063624 0.146678 -0.078622 1 P 0
L 0.146678 -0.078622 0.146678 -0.089871 1 P 0
L 0.146678 -0.089871 0.142929 -0.104869 1 P 0
L 0.142929 -0.104869 0.139179 -0.112368 1 P 0
L 0.139179 -0.112368 0.13168 -0.119867 1 P 0
L 0.13168 -0.119867 0.120432 -0.123617 1 P 0
L 0.120432 -0.123617 0.101684 -0.123617 1 P 0
L 0.180424 -0.123617 0.180424 -0.071123 1 P 0
L 0.180424 -0.086122 0.184174 -0.078622 1 P 0
L 0.184174 -0.078622 0.187923 -0.074873 1 P 0
L 0.187923 -0.074873 0.195422 -0.071123 1 P 0
L 0.195422 -0.071123 0.202921 -0.071123 1 P 0
L 0.229168 -0.123617 0.229168 -0.071123 1 P 0
L 0.229168 -0.044877 0.225419 -0.048626 1 P 0
L 0.225419 -0.048626 0.229168 -0.052376 1 P 0
L 0.229168 -0.052376 0.232917 -0.048626 1 P 0
L 0.232917 -0.048626 0.229168 -0.044877 1 P 0
L 0.229168 -0.044877 0.229168 -0.052376 1 P 0
L 0.277912 -0.123617 0.270413 -0.119867 1 P 0
L 0.270413 -0.119867 0.266663 -0.112368 1 P 0
L 0.266663 -0.112368 0.266663 -0.044877 1 P 0
L 0.319157 -0.123617 0.311658 -0.119867 1 P 0
L 0.311658 -0.119867 0.307908 -0.112368 1 P 0
L 0.307908 -0.112368 0.307908 -0.044877 1 P 0
L 0.409145 -0.123617 0.409145 -0.044877 1 P 0
L 0.409145 -0.044877 0.435392 -0.10112 1 P 0
L 0.435392 -0.10112 0.461639 -0.044877 1 P 0
L 0.461639 -0.044877 0.461639 -0.123617 1 P 0
L 0.53288 -0.123617 0.53288 -0.082372 1 P 0
L 0.53288 -0.082372 0.52913 -0.074873 1 P 0
L 0.52913 -0.074873 0.521631 -0.071123 1 P 0
L 0.521631 -0.071123 0.506633 -0.071123 1 P 0
L 0.506633 -0.071123 0.499134 -0.074873 1 P 0
L 0.53288 -0.119867 0.525381 -0.123617 1 P 0
L 0.525381 -0.123617 0.506633 -0.123617 1 P 0
L 0.506633 -0.123617 0.499134 -0.119867 1 P 0
L 0.499134 -0.119867 0.495385 -0.112368 1 P 0
L 0.495385 -0.112368 0.495385 -0.104869 1 P 0
L 0.495385 -0.104869 0.499134 -0.09737 1 P 0
L 0.499134 -0.09737 0.506633 -0.093621 1 P 0
L 0.506633 -0.093621 0.525381 -0.093621 1 P 0
L 0.525381 -0.093621 0.53288 -0.089871 1 P 0
L 0.570375 -0.071123 0.570375 -0.149863 1 P 0
L 0.570375 -0.074873 0.577874 -0.071123 1 P 0
L 0.577874 -0.071123 0.592872 -0.071123 1 P 0
L 0.592872 -0.071123 0.600371 -0.074873 1 P 0
L 0.600371 -0.074873 0.604121 -0.078622 1 P 0
L 0.604121 -0.078622 0.607871 -0.086122 1 P 0
L 0.607871 -0.086122 0.607871 -0.108619 1 P 0
L 0.607871 -0.108619 0.604121 -0.116118 1 P 0
L 0.604121 -0.116118 0.600371 -0.119867 1 P 0
L 0.600371 -0.119867 0.592872 -0.123617 1 P 0
L 0.592872 -0.123617 0.577874 -0.123617 1 P 0
L 0.577874 -0.123617 0.570375 -0.119867 1 P 0
L 0.641616 -0.116118 0.645366 -0.119867 1 P 0
L 0.645366 -0.119867 0.641616 -0.123617 1 P 0
L 0.641616 -0.123617 0.637867 -0.119867 1 P 0
L 0.637867 -0.119867 0.641616 -0.116118 1 P 0
L 0.641616 -0.116118 0.641616 -0.123617 1 P 0
L 0.641616 -0.074873 0.645366 -0.078622 1 P 0
L 0.645366 -0.078622 0.641616 -0.082372 1 P 0
L 0.641616 -0.082372 0.637867 -0.078622 1 P 0
L 0.637867 -0.078622 0.641616 -0.074873 1 P 0
L 0.641616 -0.074873 0.641616 -0.082372 1 P 0
L -0.026575 -0.240159 -0.000984 -0.265749 2 P 0
L -0.000984 -0.240159 -0.026575 -0.265749 2 P 0
L 0.116682 -0.210231 0.124181 -0.210231 1 P 0
L 0.124181 -0.210231 0.13168 -0.213981 1 P 0
L 0.13168 -0.213981 0.13543 -0.21773 1 P 0
L 0.13543 -0.21773 0.139179 -0.225229 1 P 0
L 0.139179 -0.225229 0.142929 -0.240227 1 P 0
L 0.142929 -0.240227 0.142929 -0.258975 1 P 0
L 0.142929 -0.258975 0.139179 -0.273973 1 P 0
L 0.139179 -0.273973 0.13543 -0.281472 1 P 0
L 0.13543 -0.281472 0.13168 -0.285222 1 P 0
L 0.13168 -0.285222 0.124181 -0.288971 1 P 0
L 0.124181 -0.288971 0.116682 -0.288971 1 P 0
L 0.116682 -0.288971 0.109183 -0.285222 1 P 0
L 0.109183 -0.285222 0.105434 -0.281472 1 P 0
L 0.105434 -0.281472 0.101684 -0.273973 1 P 0
L 0.101684 -0.273973 0.097934 -0.258975 1 P 0
L 0.097934 -0.258975 0.097934 -0.240227 1 P 0
L 0.097934 -0.240227 0.101684 -0.225229 1 P 0
L 0.101684 -0.225229 0.105434 -0.21773 1 P 0
L 0.105434 -0.21773 0.109183 -0.213981 1 P 0
L 0.109183 -0.213981 0.116682 -0.210231 1 P 0
L 0.176674 -0.281472 0.180424 -0.285222 1 P 0
L 0.180424 -0.285222 0.176674 -0.288971 1 P 0
L 0.176674 -0.288971 0.172925 -0.285222 1 P 0
L 0.172925 -0.285222 0.176674 -0.281472 1 P 0
L 0.176674 -0.281472 0.176674 -0.288971 1 P 0
L 0.247915 -0.210231 0.232917 -0.210231 1 P 0
L 0.232917 -0.210231 0.225419 -0.213981 1 P 0
L 0.225419 -0.213981 0.221669 -0.21773 1 P 0
L 0.221669 -0.21773 0.21417 -0.228979 1 P 0
L 0.21417 -0.228979 0.21042 -0.243977 1 P 0
L 0.21042 -0.243977 0.21042 -0.273973 1 P 0
L 0.21042 -0.273973 0.21417 -0.281472 1 P 0
L 0.21417 -0.281472 0.217919 -0.285222 1 P 0
L 0.217919 -0.285222 0.225419 -0.288971 1 P 0
L 0.225419 -0.288971 0.240417 -0.288971 1 P 0
L 0.240417 -0.288971 0.247915 -0.285222 1 P 0
L 0.247915 -0.285222 0.251665 -0.281472 1 P 0
L 0.251665 -0.281472 0.255415 -0.273973 1 P 0
L 0.255415 -0.273973 0.255415 -0.255225 1 P 0
L 0.255415 -0.255225 0.251665 -0.247726 1 P 0
L 0.251665 -0.247726 0.247915 -0.243977 1 P 0
L 0.247915 -0.243977 0.240417 -0.240227 1 P 0
L 0.240417 -0.240227 0.225419 -0.240227 1 P 0
L 0.225419 -0.240227 0.217919 -0.243977 1 P 0
L 0.217919 -0.243977 0.21417 -0.247726 1 P 0
L 0.21417 -0.247726 0.21042 -0.255225 1 P 0
L 0.326656 -0.210231 0.28916 -0.210231 1 P 0
L 0.28916 -0.210231 0.285411 -0.247726 1 P 0
L 0.285411 -0.247726 0.28916 -0.243977 1 P 0
L 0.28916 -0.243977 0.296659 -0.240227 1 P 0
L 0.296659 -0.240227 0.315407 -0.240227 1 P 0
L 0.315407 -0.240227 0.322906 -0.243977 1 P 0
L 0.322906 -0.243977 0.326656 -0.247726 1 P 0
L 0.326656 -0.247726 0.330405 -0.255225 1 P 0
L 0.330405 -0.255225 0.330405 -0.273973 1 P 0
L 0.330405 -0.273973 0.326656 -0.281472 1 P 0
L 0.326656 -0.281472 0.322906 -0.285222 1 P 0
L 0.322906 -0.285222 0.315407 -0.288971 1 P 0
L 0.315407 -0.288971 0.296659 -0.288971 1 P 0
L 0.296659 -0.288971 0.28916 -0.285222 1 P 0
L 0.28916 -0.285222 0.285411 -0.281472 1 P 0
L 0.379149 -0.210231 0.386648 -0.210231 1 P 0
L 0.386648 -0.210231 0.394147 -0.213981 1 P 0
L 0.394147 -0.213981 0.397897 -0.21773 1 P 0
L 0.397897 -0.21773 0.401647 -0.225229 1 P 0
L 0.401647 -0.225229 0.405396 -0.240227 1 P 0
L 0.405396 -0.240227 0.405396 -0.258975 1 P 0
L 0.405396 -0.258975 0.401647 -0.273973 1 P 0
L 0.401647 -0.273973 0.397897 -0.281472 1 P 0
L 0.397897 -0.281472 0.394147 -0.285222 1 P 0
L 0.394147 -0.285222 0.386648 -0.288971 1 P 0
L 0.386648 -0.288971 0.379149 -0.288971 1 P 0
L 0.379149 -0.288971 0.37165 -0.285222 1 P 0
L 0.37165 -0.285222 0.3679 -0.281472 1 P 0
L 0.3679 -0.281472 0.364151 -0.273973 1 P 0
L 0.364151 -0.273973 0.360402 -0.258975 1 P 0
L 0.360402 -0.258975 0.360402 -0.240227 1 P 0
L 0.360402 -0.240227 0.364151 -0.225229 1 P 0
L 0.364151 -0.225229 0.3679 -0.21773 1 P 0
L 0.3679 -0.21773 0.37165 -0.213981 1 P 0
L 0.37165 -0.213981 0.379149 -0.210231 1 P 0
L 0.439142 -0.288971 0.439142 -0.236478 1 P 0
L 0.439142 -0.243977 0.442891 -0.240227 1 P 0
L 0.442891 -0.240227 0.45039 -0.236478 1 P 0
L 0.45039 -0.236478 0.461639 -0.236478 1 P 0
L 0.461639 -0.236478 0.469138 -0.240227 1 P 0
L 0.469138 -0.240227 0.472887 -0.247726 1 P 0
L 0.472887 -0.247726 0.472887 -0.288971 1 P 0
L 0.472887 -0.247726 0.476637 -0.240227 1 P 0
L 0.476637 -0.240227 0.484136 -0.236478 1 P 0
L 0.484136 -0.236478 0.495385 -0.236478 1 P 0
L 0.495385 -0.236478 0.502884 -0.240227 1 P 0
L 0.502884 -0.240227 0.506633 -0.247726 1 P 0
L 0.506633 -0.247726 0.506633 -0.288971 1 P 0
L 0.544128 -0.288971 0.544128 -0.236478 1 P 0
L 0.544128 -0.243977 0.547878 -0.240227 1 P 0
L 0.547878 -0.240227 0.555377 -0.236478 1 P 0
L 0.555377 -0.236478 0.566626 -0.236478 1 P 0
L 0.566626 -0.236478 0.574125 -0.240227 1 P 0
L 0.574125 -0.240227 0.577874 -0.247726 1 P 0
L 0.577874 -0.247726 0.577874 -0.288971 1 P 0
L 0.577874 -0.247726 0.581624 -0.240227 1 P 0
L 0.581624 -0.240227 0.589123 -0.236478 1 P 0
L 0.589123 -0.236478 0.600371 -0.236478 1 P 0
L 0.600371 -0.236478 0.607871 -0.240227 1 P 0
L 0.607871 -0.240227 0.61162 -0.247726 1 P 0
L 0.61162 -0.247726 0.61162 -0.288971 1 P 0
L 0.765351 -0.206482 0.697859 -0.307719 1 P 0
L 0.866588 -0.210231 0.874087 -0.210231 1 P 0
L 0.874087 -0.210231 0.881586 -0.213981 1 P 0
L 0.881586 -0.213981 0.885336 -0.21773 1 P 0
L 0.885336 -0.21773 0.889085 -0.225229 1 P 0
L 0.889085 -0.225229 0.892835 -0.240227 1 P 0
L 0.892835 -0.240227 0.892835 -0.258975 1 P 0
L 0.892835 -0.258975 0.889085 -0.273973 1 P 0
L 0.889085 -0.273973 0.885336 -0.281472 1 P 0
L 0.885336 -0.281472 0.881586 -0.285222 1 P 0
L 0.881586 -0.285222 0.874087 -0.288971 1 P 0
L 0.874087 -0.288971 0.866588 -0.288971 1 P 0
L 0.866588 -0.288971 0.859089 -0.285222 1 P 0
L 0.859089 -0.285222 0.85534 -0.281472 1 P 0
L 0.85534 -0.281472 0.85159 -0.273973 1 P 0
L 0.85159 -0.273973 0.847841 -0.258975 1 P 0
L 0.847841 -0.258975 0.847841 -0.240227 1 P 0
L 0.847841 -0.240227 0.85159 -0.225229 1 P 0
L 0.85159 -0.225229 0.85534 -0.21773 1 P 0
L 0.85534 -0.21773 0.859089 -0.213981 1 P 0
L 0.859089 -0.213981 0.866588 -0.210231 1 P 0
L 0.926581 -0.281472 0.93033 -0.285222 1 P 0
L 0.93033 -0.285222 0.926581 -0.288971 1 P 0
L 0.926581 -0.288971 0.922831 -0.285222 1 P 0
L 0.922831 -0.285222 0.926581 -0.281472 1 P 0
L 0.926581 -0.281472 0.926581 -0.288971 1 P 0
L 0.979074 -0.210231 0.986573 -0.210231 1 P 0
L 0.986573 -0.210231 0.994072 -0.213981 1 P 0
L 0.994072 -0.213981 0.997822 -0.21773 1 P 0
L 0.997822 -0.21773 1.00157 -0.225229 1 P 0
L 1.00157 -0.225229 1.00532 -0.240227 1 P 0
L 1.00532 -0.240227 1.00532 -0.258975 1 P 0
L 1.00532 -0.258975 1.00157 -0.273973 1 P 0
L 1.00157 -0.273973 0.997822 -0.281472 1 P 0
L 0.997822 -0.281472 0.994072 -0.285222 1 P 0
L 0.994072 -0.285222 0.986573 -0.288971 1 P 0
L 0.986573 -0.288971 0.979074 -0.288971 1 P 0
L 0.979074 -0.288971 0.971575 -0.285222 1 P 0
L 0.971575 -0.285222 0.967826 -0.281472 1 P 0
L 0.967826 -0.281472 0.964076 -0.273973 1 P 0
L 0.964076 -0.273973 0.960326 -0.258975 1 P 0
L 0.960326 -0.258975 0.960326 -0.240227 1 P 0
L 0.960326 -0.240227 0.964076 -0.225229 1 P 0
L 0.964076 -0.225229 0.967826 -0.21773 1 P 0
L 0.967826 -0.21773 0.971575 -0.213981 1 P 0
L 0.971575 -0.213981 0.979074 -0.210231 1 P 0
L 1.03532 -0.21773 1.03907 -0.213981 1 P 0
L 1.03907 -0.213981 1.04657 -0.210231 1 P 0
L 1.04657 -0.210231 1.06531 -0.210231 1 P 0
L 1.06531 -0.210231 1.07281 -0.213981 1 P 0
L 1.07281 -0.213981 1.07656 -0.21773 1 P 0
L 1.07656 -0.21773 1.08031 -0.225229 1 P 0
L 1.08031 -0.225229 1.08031 -0.232728 1 P 0
L 1.08031 -0.232728 1.07656 -0.243977 1 P 0
L 1.07656 -0.243977 1.03157 -0.288971 1 P 0
L 1.03157 -0.288971 1.08031 -0.288971 1 P 0
L 1.15155 -0.210231 1.11406 -0.210231 1 P 0
L 1.11406 -0.210231 1.11031 -0.247726 1 P 0
L 1.11031 -0.247726 1.11406 -0.243977 1 P 0
L 1.11406 -0.243977 1.12156 -0.240227 1 P 0
L 1.12156 -0.240227 1.1403 -0.240227 1 P 0
L 1.1403 -0.240227 1.1478 -0.243977 1 P 0
L 1.1478 -0.243977 1.15155 -0.247726 1 P 0
L 1.15155 -0.247726 1.1553 -0.255225 1 P 0
L 1.1553 -0.255225 1.1553 -0.273973 1 P 0
L 1.1553 -0.273973 1.15155 -0.281472 1 P 0
L 1.15155 -0.281472 1.1478 -0.285222 1 P 0
L 1.1478 -0.285222 1.1403 -0.288971 1 P 0
L 1.1403 -0.288971 1.12156 -0.288971 1 P 0
L 1.12156 -0.288971 1.11406 -0.285222 1 P 0
L 1.11406 -0.285222 1.11031 -0.281472 1 P 0
L 1.22279 -0.210231 1.2078 -0.210231 1 P 0
L 1.2078 -0.210231 1.2003 -0.213981 1 P 0
L 1.2003 -0.213981 1.19655 -0.21773 1 P 0
L 1.19655 -0.21773 1.18905 -0.228979 1 P 0
L 1.18905 -0.228979 1.1853 -0.243977 1 P 0
L 1.1853 -0.243977 1.1853 -0.273973 1 P 0
L 1.1853 -0.273973 1.18905 -0.281472 1 P 0
L 1.18905 -0.281472 1.1928 -0.285222 1 P 0
L 1.1928 -0.285222 1.2003 -0.288971 1 P 0
L 1.2003 -0.288971 1.2153 -0.288971 1 P 0
L 1.2153 -0.288971 1.22279 -0.285222 1 P 0
L 1.22279 -0.285222 1.22654 -0.281472 1 P 0
L 1.22654 -0.281472 1.23029 -0.273973 1 P 0
L 1.23029 -0.273973 1.23029 -0.255225 1 P 0
L 1.23029 -0.255225 1.22654 -0.247726 1 P 0
L 1.22654 -0.247726 1.22279 -0.243977 1 P 0
L 1.22279 -0.243977 1.2153 -0.240227 1 P 0
L 1.2153 -0.240227 1.2003 -0.240227 1 P 0
L 1.2003 -0.240227 1.1928 -0.243977 1 P 0
L 1.1928 -0.243977 1.18905 -0.247726 1 P 0
L 1.18905 -0.247726 1.1853 -0.255225 1 P 0
L 1.26029 -0.210231 1.26029 -0.225229 1 P 0
L 1.29028 -0.210231 1.29028 -0.225229 1 P 0
L 1.40652 -0.318967 1.40277 -0.315218 1 P 0
L 1.40277 -0.315218 1.39527 -0.303969 1 P 0
L 1.39527 -0.303969 1.39152 -0.29647 1 P 0
L 1.39152 -0.29647 1.38777 -0.285222 1 P 0
L 1.38777 -0.285222 1.38402 -0.266474 1 P 0
L 1.38402 -0.266474 1.38402 -0.251476 1 P 0
L 1.38402 -0.251476 1.38777 -0.232728 1 P 0
L 1.38777 -0.232728 1.39152 -0.22148 1 P 0
L 1.39152 -0.22148 1.39527 -0.213981 1 P 0
L 1.39527 -0.213981 1.40277 -0.202732 1 P 0
L 1.40277 -0.202732 1.40652 -0.198982 1 P 0
L 1.43277 -0.21773 1.43652 -0.213981 1 P 0
L 1.43652 -0.213981 1.44402 -0.210231 1 P 0
L 1.44402 -0.210231 1.46276 -0.210231 1 P 0
L 1.46276 -0.210231 1.47026 -0.213981 1 P 0
L 1.47026 -0.213981 1.47401 -0.21773 1 P 0
L 1.47401 -0.21773 1.47776 -0.225229 1 P 0
L 1.47776 -0.225229 1.47776 -0.232728 1 P 0
L 1.47776 -0.232728 1.47401 -0.243977 1 P 0
L 1.47401 -0.243977 1.42902 -0.288971 1 P 0
L 1.42902 -0.288971 1.47776 -0.288971 1 P 0
L 1.5715 -0.288971 1.5715 -0.210231 1 P 0
L 1.60525 -0.288971 1.60525 -0.247726 1 P 0
L 1.60525 -0.247726 1.6015 -0.240227 1 P 0
L 1.6015 -0.240227 1.594 -0.236478 1 P 0
L 1.594 -0.236478 1.58275 -0.236478 1 P 0
L 1.58275 -0.236478 1.57525 -0.240227 1 P 0
L 1.57525 -0.240227 1.5715 -0.243977 1 P 0
L 1.65399 -0.288971 1.64649 -0.285222 1 P 0
L 1.64649 -0.285222 1.64274 -0.281472 1 P 0
L 1.64274 -0.281472 1.63899 -0.273973 1 P 0
L 1.63899 -0.273973 1.63899 -0.251476 1 P 0
L 1.63899 -0.251476 1.64274 -0.243977 1 P 0
L 1.64274 -0.243977 1.64649 -0.240227 1 P 0
L 1.64649 -0.240227 1.65399 -0.236478 1 P 0
L 1.65399 -0.236478 1.66524 -0.236478 1 P 0
L 1.66524 -0.236478 1.67274 -0.240227 1 P 0
L 1.67274 -0.240227 1.67649 -0.243977 1 P 0
L 1.67649 -0.243977 1.68024 -0.251476 1 P 0
L 1.68024 -0.251476 1.68024 -0.273973 1 P 0
L 1.68024 -0.273973 1.67649 -0.281472 1 P 0
L 1.67649 -0.281472 1.67274 -0.285222 1 P 0
L 1.67274 -0.285222 1.66524 -0.288971 1 P 0
L 1.66524 -0.288971 1.65399 -0.288971 1 P 0
L 1.72523 -0.288971 1.71773 -0.285222 1 P 0
L 1.71773 -0.285222 1.71398 -0.277722 1 P 0
L 1.71398 -0.277722 1.71398 -0.210231 1 P 0
L 1.78522 -0.285222 1.77772 -0.288971 1 P 0
L 1.77772 -0.288971 1.76273 -0.288971 1 P 0
L 1.76273 -0.288971 1.75523 -0.285222 1 P 0
L 1.75523 -0.285222 1.75148 -0.277722 1 P 0
L 1.75148 -0.277722 1.75148 -0.247726 1 P 0
L 1.75148 -0.247726 1.75523 -0.240227 1 P 0
L 1.75523 -0.240227 1.76273 -0.236478 1 P 0
L 1.76273 -0.236478 1.77772 -0.236478 1 P 0
L 1.77772 -0.236478 1.78522 -0.240227 1 P 0
L 1.78522 -0.240227 1.78897 -0.247726 1 P 0
L 1.78897 -0.247726 1.78897 -0.255225 1 P 0
L 1.78897 -0.255225 1.75148 -0.262724 1 P 0
L 1.81897 -0.285222 1.82647 -0.288971 1 P 0
L 1.82647 -0.288971 1.84147 -0.288971 1 P 0
L 1.84147 -0.288971 1.84897 -0.285222 1 P 0
L 1.84897 -0.285222 1.85271 -0.277722 1 P 0
L 1.85271 -0.277722 1.85271 -0.273973 1 P 0
L 1.85271 -0.273973 1.84897 -0.266474 1 P 0
L 1.84897 -0.266474 1.84147 -0.262724 1 P 0
L 1.84147 -0.262724 1.83022 -0.262724 1 P 0
L 1.83022 -0.262724 1.82272 -0.258975 1 P 0
L 1.82272 -0.258975 1.81897 -0.251476 1 P 0
L 1.81897 -0.251476 1.81897 -0.247726 1 P 0
L 1.81897 -0.247726 1.82272 -0.240227 1 P 0
L 1.82272 -0.240227 1.83022 -0.236478 1 P 0
L 1.83022 -0.236478 1.84147 -0.236478 1 P 0
L 1.84147 -0.236478 1.84897 -0.240227 1 P 0
L 1.87896 -0.318967 1.88271 -0.315218 1 P 0
L 1.88271 -0.315218 1.89021 -0.303969 1 P 0
L 1.89021 -0.303969 1.89396 -0.29647 1 P 0
L 1.89396 -0.29647 1.89771 -0.285222 1 P 0
L 1.89771 -0.285222 1.90146 -0.266474 1 P 0
L 1.90146 -0.266474 1.90146 -0.251476 1 P 0
L 1.90146 -0.251476 1.89771 -0.232728 1 P 0
L 1.89771 -0.232728 1.89396 -0.22148 1 P 0
L 1.89396 -0.22148 1.89021 -0.213981 1 P 0
L 1.89021 -0.213981 1.88271 -0.202732 1 P 0
L 1.88271 -0.202732 1.87896 -0.198982 1 P 0
L 2.02144 -0.318967 2.01769 -0.315218 1 P 0
L 2.01769 -0.315218 2.01019 -0.303969 1 P 0
L 2.01019 -0.303969 2.00645 -0.29647 1 P 0
L 2.00645 -0.29647 2.0027 -0.285222 1 P 0
L 2.0027 -0.285222 1.99895 -0.266474 1 P 0
L 1.99895 -0.266474 1.99895 -0.251476 1 P 0
L 1.99895 -0.251476 2.0027 -0.232728 1 P 0
L 2.0027 -0.232728 2.00645 -0.22148 1 P 0
L 2.00645 -0.22148 2.01019 -0.213981 1 P 0
L 2.01019 -0.213981 2.01769 -0.202732 1 P 0
L 2.01769 -0.202732 2.02144 -0.198982 1 P 0
L 2.05144 -0.236478 2.05144 -0.288971 1 P 0
L 2.05144 -0.243977 2.05519 -0.240227 1 P 0
L 2.05519 -0.240227 2.06269 -0.236478 1 P 0
L 2.06269 -0.236478 2.07394 -0.236478 1 P 0
L 2.07394 -0.236478 2.08144 -0.240227 1 P 0
L 2.08144 -0.240227 2.08519 -0.247726 1 P 0
L 2.08519 -0.247726 2.08519 -0.288971 1 P 0
L 2.13393 -0.288971 2.12643 -0.285222 1 P 0
L 2.12643 -0.285222 2.12268 -0.281472 1 P 0
L 2.12268 -0.281472 2.11893 -0.273973 1 P 0
L 2.11893 -0.273973 2.11893 -0.251476 1 P 0
L 2.11893 -0.251476 2.12268 -0.243977 1 P 0
L 2.12268 -0.243977 2.12643 -0.240227 1 P 0
L 2.12643 -0.240227 2.13393 -0.236478 1 P 0
L 2.13393 -0.236478 2.14518 -0.236478 1 P 0
L 2.14518 -0.236478 2.15268 -0.240227 1 P 0
L 2.15268 -0.240227 2.15643 -0.243977 1 P 0
L 2.15643 -0.243977 2.16018 -0.251476 1 P 0
L 2.16018 -0.251476 2.16018 -0.273973 1 P 0
L 2.16018 -0.273973 2.15643 -0.281472 1 P 0
L 2.15643 -0.281472 2.15268 -0.285222 1 P 0
L 2.15268 -0.285222 2.14518 -0.288971 1 P 0
L 2.14518 -0.288971 2.13393 -0.288971 1 P 0
L 2.18267 -0.236478 2.21267 -0.236478 1 P 0
L 2.19392 -0.210231 2.19392 -0.277722 1 P 0
L 2.19392 -0.277722 2.19767 -0.285222 1 P 0
L 2.19767 -0.285222 2.20517 -0.288971 1 P 0
L 2.20517 -0.288971 2.21267 -0.288971 1 P 0
L 2.29891 -0.236478 2.29891 -0.315218 1 P 0
L 2.29891 -0.240227 2.30641 -0.236478 1 P 0
L 2.30641 -0.236478 2.32141 -0.236478 1 P 0
L 2.32141 -0.236478 2.32891 -0.240227 1 P 0
L 2.32891 -0.240227 2.33265 -0.243977 1 P 0
L 2.33265 -0.243977 2.33641 -0.251476 1 P 0
L 2.33641 -0.251476 2.33641 -0.273973 1 P 0
L 2.33641 -0.273973 2.33265 -0.281472 1 P 0
L 2.33265 -0.281472 2.32891 -0.285222 1 P 0
L 2.32891 -0.285222 2.32141 -0.288971 1 P 0
L 2.32141 -0.288971 2.30641 -0.288971 1 P 0
L 2.30641 -0.288971 2.29891 -0.285222 1 P 0
L 2.3814 -0.288971 2.3739 -0.285222 1 P 0
L 2.3739 -0.285222 2.37015 -0.277722 1 P 0
L 2.37015 -0.277722 2.37015 -0.210231 1 P 0
L 2.44514 -0.288971 2.44514 -0.247726 1 P 0
L 2.44514 -0.247726 2.44139 -0.240227 1 P 0
L 2.44139 -0.240227 2.43389 -0.236478 1 P 0
L 2.43389 -0.236478 2.4189 -0.236478 1 P 0
L 2.4189 -0.236478 2.41139 -0.240227 1 P 0
L 2.44514 -0.285222 2.43764 -0.288971 1 P 0
L 2.43764 -0.288971 2.4189 -0.288971 1 P 0
L 2.4189 -0.288971 2.41139 -0.285222 1 P 0
L 2.41139 -0.285222 2.40765 -0.277722 1 P 0
L 2.40765 -0.277722 2.40765 -0.270224 1 P 0
L 2.40765 -0.270224 2.41139 -0.262724 1 P 0
L 2.41139 -0.262724 2.4189 -0.258975 1 P 0
L 2.4189 -0.258975 2.43764 -0.258975 1 P 0
L 2.43764 -0.258975 2.44514 -0.255225 1 P 0
L 2.47139 -0.236478 2.50138 -0.236478 1 P 0
L 2.48264 -0.210231 2.48264 -0.277722 1 P 0
L 2.48264 -0.277722 2.48639 -0.285222 1 P 0
L 2.48639 -0.285222 2.49388 -0.288971 1 P 0
L 2.49388 -0.288971 2.50138 -0.288971 1 P 0
L 2.55763 -0.285222 2.55013 -0.288971 1 P 0
L 2.55013 -0.288971 2.53513 -0.288971 1 P 0
L 2.53513 -0.288971 2.52763 -0.285222 1 P 0
L 2.52763 -0.285222 2.52388 -0.277722 1 P 0
L 2.52388 -0.277722 2.52388 -0.247726 1 P 0
L 2.52388 -0.247726 2.52763 -0.240227 1 P 0
L 2.52763 -0.240227 2.53513 -0.236478 1 P 0
L 2.53513 -0.236478 2.55013 -0.236478 1 P 0
L 2.55013 -0.236478 2.55763 -0.240227 1 P 0
L 2.55763 -0.240227 2.56138 -0.247726 1 P 0
L 2.56138 -0.247726 2.56138 -0.255225 1 P 0
L 2.56138 -0.255225 2.52388 -0.262724 1 P 0
L 2.62887 -0.288971 2.62887 -0.210231 1 P 0
L 2.62887 -0.285222 2.62137 -0.288971 1 P 0
L 2.62137 -0.288971 2.60637 -0.288971 1 P 0
L 2.60637 -0.288971 2.59887 -0.285222 1 P 0
L 2.59887 -0.285222 2.59512 -0.281472 1 P 0
L 2.59512 -0.281472 2.59137 -0.273973 1 P 0
L 2.59137 -0.273973 2.59137 -0.251476 1 P 0
L 2.59137 -0.251476 2.59512 -0.243977 1 P 0
L 2.59512 -0.243977 2.59887 -0.240227 1 P 0
L 2.59887 -0.240227 2.60637 -0.236478 1 P 0
L 2.60637 -0.236478 2.62137 -0.236478 1 P 0
L 2.62137 -0.236478 2.62887 -0.240227 1 P 0
L 2.65886 -0.318967 2.66261 -0.315218 1 P 0
L 2.66261 -0.315218 2.67011 -0.303969 1 P 0
L 2.67011 -0.303969 2.67386 -0.29647 1 P 0
L 2.67386 -0.29647 2.67761 -0.285222 1 P 0
L 2.67761 -0.285222 2.68136 -0.266474 1 P 0
L 2.68136 -0.266474 2.68136 -0.251476 1 P 0
L 2.68136 -0.251476 2.67761 -0.232728 1 P 0
L 2.67761 -0.232728 2.67386 -0.22148 1 P 0
L 2.67386 -0.22148 2.67011 -0.213981 1 P 0
L 2.67011 -0.213981 2.66261 -0.202732 1 P 0
L 2.66261 -0.202732 2.65886 -0.198982 1 P 0
A -0.00098400 -0.35689100 -0.04633900 -0.35689100 -0.02366100 -0.35689100 3 P 0 Y
A -0.04633900 -0.35689100 -0.00098400 -0.35689100 -0.02366100 -0.35689100 3 P 0 Y
L 0.142929 -0.392908 0.097934 -0.392908 1 P 0
L 0.120432 -0.392908 0.120432 -0.314168 1 P 0
L 0.120432 -0.314168 0.112932 -0.325417 1 P 0
L 0.112932 -0.325417 0.105434 -0.332916 1 P 0
L 0.105434 -0.332916 0.097934 -0.336665 1 P 0
L 0.176674 -0.385409 0.180424 -0.389159 1 P 0
L 0.180424 -0.389159 0.176674 -0.392908 1 P 0
L 0.176674 -0.392908 0.172925 -0.389159 1 P 0
L 0.172925 -0.389159 0.176674 -0.385409 1 P 0
L 0.176674 -0.385409 0.176674 -0.392908 1 P 0
L 0.255415 -0.392908 0.21042 -0.392908 1 P 0
L 0.232917 -0.392908 0.232917 -0.314168 1 P 0
L 0.232917 -0.314168 0.225419 -0.325417 1 P 0
L 0.225419 -0.325417 0.217919 -0.332916 1 P 0
L 0.217919 -0.332916 0.21042 -0.336665 1 P 0
L 0.326656 -0.314168 0.28916 -0.314168 1 P 0
L 0.28916 -0.314168 0.285411 -0.351663 1 P 0
L 0.285411 -0.351663 0.28916 -0.347914 1 P 0
L 0.28916 -0.347914 0.296659 -0.344164 1 P 0
L 0.296659 -0.344164 0.315407 -0.344164 1 P 0
L 0.315407 -0.344164 0.322906 -0.347914 1 P 0
L 0.322906 -0.347914 0.326656 -0.351663 1 P 0
L 0.326656 -0.351663 0.330405 -0.359162 1 P 0
L 0.330405 -0.359162 0.330405 -0.37791 1 P 0
L 0.330405 -0.37791 0.326656 -0.385409 1 P 0
L 0.326656 -0.385409 0.322906 -0.389159 1 P 0
L 0.322906 -0.389159 0.315407 -0.392908 1 P 0
L 0.315407 -0.392908 0.296659 -0.392908 1 P 0
L 0.296659 -0.392908 0.28916 -0.389159 1 P 0
L 0.28916 -0.389159 0.285411 -0.385409 1 P 0
L 0.360402 -0.321667 0.364151 -0.317918 1 P 0
L 0.364151 -0.317918 0.37165 -0.314168 1 P 0
L 0.37165 -0.314168 0.390398 -0.314168 1 P 0
L 0.390398 -0.314168 0.397897 -0.317918 1 P 0
L 0.397897 -0.317918 0.401647 -0.321667 1 P 0
L 0.401647 -0.321667 0.405396 -0.329166 1 P 0
L 0.405396 -0.329166 0.405396 -0.336665 1 P 0
L 0.405396 -0.336665 0.401647 -0.347914 1 P 0
L 0.401647 -0.347914 0.356652 -0.392908 1 P 0
L 0.356652 -0.392908 0.405396 -0.392908 1 P 0
L 0.439142 -0.392908 0.439142 -0.340415 1 P 0
L 0.439142 -0.347914 0.442891 -0.344164 1 P 0
L 0.442891 -0.344164 0.45039 -0.340415 1 P 0
L 0.45039 -0.340415 0.461639 -0.340415 1 P 0
L 0.461639 -0.340415 0.469138 -0.344164 1 P 0
L 0.469138 -0.344164 0.472887 -0.351663 1 P 0
L 0.472887 -0.351663 0.472887 -0.392908 1 P 0
L 0.472887 -0.351663 0.476637 -0.344164 1 P 0
L 0.476637 -0.344164 0.484136 -0.340415 1 P 0
L 0.484136 -0.340415 0.495385 -0.340415 1 P 0
L 0.495385 -0.340415 0.502884 -0.344164 1 P 0
L 0.502884 -0.344164 0.506633 -0.351663 1 P 0
L 0.506633 -0.351663 0.506633 -0.392908 1 P 0
L 0.544128 -0.392908 0.544128 -0.340415 1 P 0
L 0.544128 -0.347914 0.547878 -0.344164 1 P 0
L 0.547878 -0.344164 0.555377 -0.340415 1 P 0
L 0.555377 -0.340415 0.566626 -0.340415 1 P 0
L 0.566626 -0.340415 0.574125 -0.344164 1 P 0
L 0.574125 -0.344164 0.577874 -0.351663 1 P 0
L 0.577874 -0.351663 0.577874 -0.392908 1 P 0
L 0.577874 -0.351663 0.581624 -0.344164 1 P 0
L 0.581624 -0.344164 0.589123 -0.340415 1 P 0
L 0.589123 -0.340415 0.600371 -0.340415 1 P 0
L 0.600371 -0.340415 0.607871 -0.344164 1 P 0
L 0.607871 -0.344164 0.61162 -0.351663 1 P 0
L 0.61162 -0.351663 0.61162 -0.392908 1 P 0
L 0.765351 -0.310419 0.697859 -0.411656 1 P 0
L 0.866588 -0.314168 0.874087 -0.314168 1 P 0
L 0.874087 -0.314168 0.881586 -0.317918 1 P 0
L 0.881586 -0.317918 0.885336 -0.321667 1 P 0
L 0.885336 -0.321667 0.889085 -0.329166 1 P 0
L 0.889085 -0.329166 0.892835 -0.344164 1 P 0
L 0.892835 -0.344164 0.892835 -0.362912 1 P 0
L 0.892835 -0.362912 0.889085 -0.37791 1 P 0
L 0.889085 -0.37791 0.885336 -0.385409 1 P 0
L 0.885336 -0.385409 0.881586 -0.389159 1 P 0
L 0.881586 -0.389159 0.874087 -0.392908 1 P 0
L 0.874087 -0.392908 0.866588 -0.392908 1 P 0
L 0.866588 -0.392908 0.859089 -0.389159 1 P 0
L 0.859089 -0.389159 0.85534 -0.385409 1 P 0
L 0.85534 -0.385409 0.85159 -0.37791 1 P 0
L 0.85159 -0.37791 0.847841 -0.362912 1 P 0
L 0.847841 -0.362912 0.847841 -0.344164 1 P 0
L 0.847841 -0.344164 0.85159 -0.329166 1 P 0
L 0.85159 -0.329166 0.85534 -0.321667 1 P 0
L 0.85534 -0.321667 0.859089 -0.317918 1 P 0
L 0.859089 -0.317918 0.866588 -0.314168 1 P 0
L 0.926581 -0.385409 0.93033 -0.389159 1 P 0
L 0.93033 -0.389159 0.926581 -0.392908 1 P 0
L 0.926581 -0.392908 0.922831 -0.389159 1 P 0
L 0.922831 -0.389159 0.926581 -0.385409 1 P 0
L 0.926581 -0.385409 0.926581 -0.392908 1 P 0
L 0.979074 -0.314168 0.986573 -0.314168 1 P 0
L 0.986573 -0.314168 0.994072 -0.317918 1 P 0
L 0.994072 -0.317918 0.997822 -0.321667 1 P 0
L 0.997822 -0.321667 1.00157 -0.329166 1 P 0
L 1.00157 -0.329166 1.00532 -0.344164 1 P 0
L 1.00532 -0.344164 1.00532 -0.362912 1 P 0
L 1.00532 -0.362912 1.00157 -0.37791 1 P 0
L 1.00157 -0.37791 0.997822 -0.385409 1 P 0
L 0.997822 -0.385409 0.994072 -0.389159 1 P 0
L 0.994072 -0.389159 0.986573 -0.392908 1 P 0
L 0.986573 -0.392908 0.979074 -0.392908 1 P 0
L 0.979074 -0.392908 0.971575 -0.389159 1 P 0
L 0.971575 -0.389159 0.967826 -0.385409 1 P 0
L 0.967826 -0.385409 0.964076 -0.37791 1 P 0
L 0.964076 -0.37791 0.960326 -0.362912 1 P 0
L 0.960326 -0.362912 0.960326 -0.344164 1 P 0
L 0.960326 -0.344164 0.964076 -0.329166 1 P 0
L 0.964076 -0.329166 0.967826 -0.321667 1 P 0
L 0.967826 -0.321667 0.971575 -0.317918 1 P 0
L 0.971575 -0.317918 0.979074 -0.314168 1 P 0
L 1.07281 -0.340415 1.07281 -0.392908 1 P 0
L 1.05407 -0.310419 1.03532 -0.366661 1 P 0
L 1.03532 -0.366661 1.08406 -0.366661 1 P 0
L 1.15155 -0.314168 1.11406 -0.314168 1 P 0
L 1.11406 -0.314168 1.11031 -0.351663 1 P 0
L 1.11031 -0.351663 1.11406 -0.347914 1 P 0
L 1.11406 -0.347914 1.12156 -0.344164 1 P 0
L 1.12156 -0.344164 1.1403 -0.344164 1 P 0
L 1.1403 -0.344164 1.1478 -0.347914 1 P 0
L 1.1478 -0.347914 1.15155 -0.351663 1 P 0
L 1.15155 -0.351663 1.1553 -0.359162 1 P 0
L 1.1553 -0.359162 1.1553 -0.37791 1 P 0
L 1.1553 -0.37791 1.15155 -0.385409 1 P 0
L 1.15155 -0.385409 1.1478 -0.389159 1 P 0
L 1.1478 -0.389159 1.1403 -0.392908 1 P 0
L 1.1403 -0.392908 1.12156 -0.392908 1 P 0
L 1.12156 -0.392908 1.11406 -0.389159 1 P 0
L 1.11406 -0.389159 1.11031 -0.385409 1 P 0
L 1.22279 -0.340415 1.22279 -0.392908 1 P 0
L 1.20405 -0.310419 1.1853 -0.366661 1 P 0
L 1.1853 -0.366661 1.23404 -0.366661 1 P 0
L 1.26029 -0.314168 1.26029 -0.329166 1 P 0
L 1.29028 -0.314168 1.29028 -0.329166 1 P 0
L 1.40652 -0.422904 1.40277 -0.419155 1 P 0
L 1.40277 -0.419155 1.39527 -0.407906 1 P 0
L 1.39527 -0.407906 1.39152 -0.400407 1 P 0
L 1.39152 -0.400407 1.38777 -0.389159 1 P 0
L 1.38777 -0.389159 1.38402 -0.370411 1 P 0
L 1.38402 -0.370411 1.38402 -0.355413 1 P 0
L 1.38402 -0.355413 1.38777 -0.336665 1 P 0
L 1.38777 -0.336665 1.39152 -0.325417 1 P 0
L 1.39152 -0.325417 1.39527 -0.317918 1 P 0
L 1.39527 -0.317918 1.40277 -0.306669 1 P 0
L 1.40277 -0.306669 1.40652 -0.302919 1 P 0
L 1.42902 -0.314168 1.47776 -0.314168 1 P 0
L 1.47776 -0.314168 1.45151 -0.344164 1 P 0
L 1.45151 -0.344164 1.46276 -0.344164 1 P 0
L 1.46276 -0.344164 1.47026 -0.347914 1 P 0
L 1.47026 -0.347914 1.47401 -0.351663 1 P 0
L 1.47401 -0.351663 1.47776 -0.359162 1 P 0
L 1.47776 -0.359162 1.47776 -0.37791 1 P 0
L 1.47776 -0.37791 1.47401 -0.385409 1 P 0
L 1.47401 -0.385409 1.47026 -0.389159 1 P 0
L 1.47026 -0.389159 1.46276 -0.392908 1 P 0
L 1.46276 -0.392908 1.44027 -0.392908 1 P 0
L 1.44027 -0.392908 1.43277 -0.389159 1 P 0
L 1.43277 -0.389159 1.42902 -0.385409 1 P 0
L 1.5715 -0.392908 1.5715 -0.314168 1 P 0
L 1.60525 -0.392908 1.60525 -0.351663 1 P 0
L 1.60525 -0.351663 1.6015 -0.344164 1 P 0
L 1.6015 -0.344164 1.594 -0.340415 1 P 0
L 1.594 -0.340415 1.58275 -0.340415 1 P 0
L 1.58275 -0.340415 1.57525 -0.344164 1 P 0
L 1.57525 -0.344164 1.5715 -0.347914 1 P 0
L 1.65399 -0.392908 1.64649 -0.389159 1 P 0
L 1.64649 -0.389159 1.64274 -0.385409 1 P 0
L 1.64274 -0.385409 1.63899 -0.37791 1 P 0
L 1.63899 -0.37791 1.63899 -0.355413 1 P 0
L 1.63899 -0.355413 1.64274 -0.347914 1 P 0
L 1.64274 -0.347914 1.64649 -0.344164 1 P 0
L 1.64649 -0.344164 1.65399 -0.340415 1 P 0
L 1.65399 -0.340415 1.66524 -0.340415 1 P 0
L 1.66524 -0.340415 1.67274 -0.344164 1 P 0
L 1.67274 -0.344164 1.67649 -0.347914 1 P 0
L 1.67649 -0.347914 1.68024 -0.355413 1 P 0
L 1.68024 -0.355413 1.68024 -0.37791 1 P 0
L 1.68024 -0.37791 1.67649 -0.385409 1 P 0
L 1.67649 -0.385409 1.67274 -0.389159 1 P 0
L 1.67274 -0.389159 1.66524 -0.392908 1 P 0
L 1.66524 -0.392908 1.65399 -0.392908 1 P 0
L 1.72523 -0.392908 1.71773 -0.389159 1 P 0
L 1.71773 -0.389159 1.71398 -0.38166 1 P 0
L 1.71398 -0.38166 1.71398 -0.314168 1 P 0
L 1.78522 -0.389159 1.77772 -0.392908 1 P 0
L 1.77772 -0.392908 1.76273 -0.392908 1 P 0
L 1.76273 -0.392908 1.75523 -0.389159 1 P 0
L 1.75523 -0.389159 1.75148 -0.38166 1 P 0
L 1.75148 -0.38166 1.75148 -0.351663 1 P 0
L 1.75148 -0.351663 1.75523 -0.344164 1 P 0
L 1.75523 -0.344164 1.76273 -0.340415 1 P 0
L 1.76273 -0.340415 1.77772 -0.340415 1 P 0
L 1.77772 -0.340415 1.78522 -0.344164 1 P 0
L 1.78522 -0.344164 1.78897 -0.351663 1 P 0
L 1.78897 -0.351663 1.78897 -0.359162 1 P 0
L 1.78897 -0.359162 1.75148 -0.366661 1 P 0
L 1.81897 -0.389159 1.82647 -0.392908 1 P 0
L 1.82647 -0.392908 1.84147 -0.392908 1 P 0
L 1.84147 -0.392908 1.84897 -0.389159 1 P 0
L 1.84897 -0.389159 1.85271 -0.38166 1 P 0
L 1.85271 -0.38166 1.85271 -0.37791 1 P 0
L 1.85271 -0.37791 1.84897 -0.370411 1 P 0
L 1.84897 -0.370411 1.84147 -0.366661 1 P 0
L 1.84147 -0.366661 1.83022 -0.366661 1 P 0
L 1.83022 -0.366661 1.82272 -0.362912 1 P 0
L 1.82272 -0.362912 1.81897 -0.355413 1 P 0
L 1.81897 -0.355413 1.81897 -0.351663 1 P 0
L 1.81897 -0.351663 1.82272 -0.344164 1 P 0
L 1.82272 -0.344164 1.83022 -0.340415 1 P 0
L 1.83022 -0.340415 1.84147 -0.340415 1 P 0
L 1.84147 -0.340415 1.84897 -0.344164 1 P 0
L 1.87896 -0.422904 1.88271 -0.419155 1 P 0
L 1.88271 -0.419155 1.89021 -0.407906 1 P 0
L 1.89021 -0.407906 1.89396 -0.400407 1 P 0
L 1.89396 -0.400407 1.89771 -0.389159 1 P 0
L 1.89771 -0.389159 1.90146 -0.370411 1 P 0
L 1.90146 -0.370411 1.90146 -0.355413 1 P 0
L 1.90146 -0.355413 1.89771 -0.336665 1 P 0
L 1.89771 -0.336665 1.89396 -0.325417 1 P 0
L 1.89396 -0.325417 1.89021 -0.317918 1 P 0
L 1.89021 -0.317918 1.88271 -0.306669 1 P 0
L 1.88271 -0.306669 1.87896 -0.302919 1 P 0
L 2.02144 -0.422904 2.01769 -0.419155 1 P 0
L 2.01769 -0.419155 2.01019 -0.407906 1 P 0
L 2.01019 -0.407906 2.00645 -0.400407 1 P 0
L 2.00645 -0.400407 2.0027 -0.389159 1 P 0
L 2.0027 -0.389159 1.99895 -0.370411 1 P 0
L 1.99895 -0.370411 1.99895 -0.355413 1 P 0
L 1.99895 -0.355413 2.0027 -0.336665 1 P 0
L 2.0027 -0.336665 2.00645 -0.325417 1 P 0
L 2.00645 -0.325417 2.01019 -0.317918 1 P 0
L 2.01019 -0.317918 2.01769 -0.306669 1 P 0
L 2.01769 -0.306669 2.02144 -0.302919 1 P 0
L 2.05144 -0.340415 2.05144 -0.392908 1 P 0
L 2.05144 -0.347914 2.05519 -0.344164 1 P 0
L 2.05519 -0.344164 2.06269 -0.340415 1 P 0
L 2.06269 -0.340415 2.07394 -0.340415 1 P 0
L 2.07394 -0.340415 2.08144 -0.344164 1 P 0
L 2.08144 -0.344164 2.08519 -0.351663 1 P 0
L 2.08519 -0.351663 2.08519 -0.392908 1 P 0
L 2.13393 -0.392908 2.12643 -0.389159 1 P 0
L 2.12643 -0.389159 2.12268 -0.385409 1 P 0
L 2.12268 -0.385409 2.11893 -0.37791 1 P 0
L 2.11893 -0.37791 2.11893 -0.355413 1 P 0
L 2.11893 -0.355413 2.12268 -0.347914 1 P 0
L 2.12268 -0.347914 2.12643 -0.344164 1 P 0
L 2.12643 -0.344164 2.13393 -0.340415 1 P 0
L 2.13393 -0.340415 2.14518 -0.340415 1 P 0
L 2.14518 -0.340415 2.15268 -0.344164 1 P 0
L 2.15268 -0.344164 2.15643 -0.347914 1 P 0
L 2.15643 -0.347914 2.16018 -0.355413 1 P 0
L 2.16018 -0.355413 2.16018 -0.37791 1 P 0
L 2.16018 -0.37791 2.15643 -0.385409 1 P 0
L 2.15643 -0.385409 2.15268 -0.389159 1 P 0
L 2.15268 -0.389159 2.14518 -0.392908 1 P 0
L 2.14518 -0.392908 2.13393 -0.392908 1 P 0
L 2.18267 -0.340415 2.21267 -0.340415 1 P 0
L 2.19392 -0.314168 2.19392 -0.38166 1 P 0
L 2.19392 -0.38166 2.19767 -0.389159 1 P 0
L 2.19767 -0.389159 2.20517 -0.392908 1 P 0
L 2.20517 -0.392908 2.21267 -0.392908 1 P 0
L 2.29891 -0.340415 2.29891 -0.419155 1 P 0
L 2.29891 -0.344164 2.30641 -0.340415 1 P 0
L 2.30641 -0.340415 2.32141 -0.340415 1 P 0
L 2.32141 -0.340415 2.32891 -0.344164 1 P 0
L 2.32891 -0.344164 2.33265 -0.347914 1 P 0
L 2.33265 -0.347914 2.33641 -0.355413 1 P 0
L 2.33641 -0.355413 2.33641 -0.37791 1 P 0
L 2.33641 -0.37791 2.33265 -0.385409 1 P 0
L 2.33265 -0.385409 2.32891 -0.389159 1 P 0
L 2.32891 -0.389159 2.32141 -0.392908 1 P 0
L 2.32141 -0.392908 2.30641 -0.392908 1 P 0
L 2.30641 -0.392908 2.29891 -0.389159 1 P 0
L 2.3814 -0.392908 2.3739 -0.389159 1 P 0
L 2.3739 -0.389159 2.37015 -0.38166 1 P 0
L 2.37015 -0.38166 2.37015 -0.314168 1 P 0
L 2.44514 -0.392908 2.44514 -0.351663 1 P 0
L 2.44514 -0.351663 2.44139 -0.344164 1 P 0
L 2.44139 -0.344164 2.43389 -0.340415 1 P 0
L 2.43389 -0.340415 2.4189 -0.340415 1 P 0
L 2.4189 -0.340415 2.41139 -0.344164 1 P 0
L 2.44514 -0.389159 2.43764 -0.392908 1 P 0
L 2.43764 -0.392908 2.4189 -0.392908 1 P 0
L 2.4189 -0.392908 2.41139 -0.389159 1 P 0
L 2.41139 -0.389159 2.40765 -0.38166 1 P 0
L 2.40765 -0.38166 2.40765 -0.374161 1 P 0
L 2.40765 -0.374161 2.41139 -0.366661 1 P 0
L 2.41139 -0.366661 2.4189 -0.362912 1 P 0
L 2.4189 -0.362912 2.43764 -0.362912 1 P 0
L 2.43764 -0.362912 2.44514 -0.359162 1 P 0
L 2.47139 -0.340415 2.50138 -0.340415 1 P 0
L 2.48264 -0.314168 2.48264 -0.38166 1 P 0
L 2.48264 -0.38166 2.48639 -0.389159 1 P 0
L 2.48639 -0.389159 2.49388 -0.392908 1 P 0
L 2.49388 -0.392908 2.50138 -0.392908 1 P 0
L 2.55763 -0.389159 2.55013 -0.392908 1 P 0
L 2.55013 -0.392908 2.53513 -0.392908 1 P 0
L 2.53513 -0.392908 2.52763 -0.389159 1 P 0
L 2.52763 -0.389159 2.52388 -0.38166 1 P 0
L 2.52388 -0.38166 2.52388 -0.351663 1 P 0
L 2.52388 -0.351663 2.52763 -0.344164 1 P 0
L 2.52763 -0.344164 2.53513 -0.340415 1 P 0
L 2.53513 -0.340415 2.55013 -0.340415 1 P 0
L 2.55013 -0.340415 2.55763 -0.344164 1 P 0
L 2.55763 -0.344164 2.56138 -0.351663 1 P 0
L 2.56138 -0.351663 2.56138 -0.359162 1 P 0
L 2.56138 -0.359162 2.52388 -0.366661 1 P 0
L 2.62887 -0.392908 2.62887 -0.314168 1 P 0
L 2.62887 -0.389159 2.62137 -0.392908 1 P 0
L 2.62137 -0.392908 2.60637 -0.392908 1 P 0
L 2.60637 -0.392908 2.59887 -0.389159 1 P 0
L 2.59887 -0.389159 2.59512 -0.385409 1 P 0
L 2.59512 -0.385409 2.59137 -0.37791 1 P 0
L 2.59137 -0.37791 2.59137 -0.355413 1 P 0
L 2.59137 -0.355413 2.59512 -0.347914 1 P 0
L 2.59512 -0.347914 2.59887 -0.344164 1 P 0
L 2.59887 -0.344164 2.60637 -0.340415 1 P 0
L 2.60637 -0.340415 2.62137 -0.340415 1 P 0
L 2.62137 -0.340415 2.62887 -0.344164 1 P 0
L 2.65886 -0.422904 2.66261 -0.419155 1 P 0
L 2.66261 -0.419155 2.67011 -0.407906 1 P 0
L 2.67011 -0.407906 2.67386 -0.400407 1 P 0
L 2.67386 -0.400407 2.67761 -0.389159 1 P 0
L 2.67761 -0.389159 2.68136 -0.370411 1 P 0
L 2.68136 -0.370411 2.68136 -0.355413 1 P 0
L 2.68136 -0.355413 2.67761 -0.336665 1 P 0
L 2.67761 -0.336665 2.67386 -0.325417 1 P 0
L 2.67386 -0.325417 2.67011 -0.317918 1 P 0
L 2.67011 -0.317918 2.66261 -0.306669 1 P 0
L 2.66261 -0.306669 2.65886 -0.302919 1 P 0
L -0.040354 -0.421458 -0.040354 -0.500198 1 P 0
L -0.079724 -0.460828 -0.000984 -0.460828 1 P 0
L 0.094185 -0.418105 0.142929 -0.418105 1 P 0
L 0.142929 -0.418105 0.116682 -0.448101 1 P 0
L 0.116682 -0.448101 0.127931 -0.448101 1 P 0
L 0.127931 -0.448101 0.13543 -0.451851 1 P 0
L 0.13543 -0.451851 0.139179 -0.4556 1 P 0
L 0.139179 -0.4556 0.142929 -0.463099 1 P 0
L 0.142929 -0.463099 0.142929 -0.481847 1 P 0
L 0.142929 -0.481847 0.139179 -0.489346 1 P 0
L 0.139179 -0.489346 0.13543 -0.493096 1 P 0
L 0.13543 -0.493096 0.127931 -0.496845 1 P 0
L 0.127931 -0.496845 0.105434 -0.496845 1 P 0
L 0.105434 -0.496845 0.097934 -0.493096 1 P 0
L 0.097934 -0.493096 0.094185 -0.489346 1 P 0
L 0.176674 -0.489346 0.180424 -0.493096 1 P 0
L 0.180424 -0.493096 0.176674 -0.496845 1 P 0
L 0.176674 -0.496845 0.172925 -0.493096 1 P 0
L 0.172925 -0.493096 0.176674 -0.489346 1 P 0
L 0.176674 -0.489346 0.176674 -0.496845 1 P 0
L 0.21042 -0.425604 0.21417 -0.421855 1 P 0
L 0.21417 -0.421855 0.221669 -0.418105 1 P 0
L 0.221669 -0.418105 0.240417 -0.418105 1 P 0
L 0.240417 -0.418105 0.247915 -0.421855 1 P 0
L 0.247915 -0.421855 0.251665 -0.425604 1 P 0
L 0.251665 -0.425604 0.255415 -0.433103 1 P 0
L 0.255415 -0.433103 0.255415 -0.440602 1 P 0
L 0.255415 -0.440602 0.251665 -0.451851 1 P 0
L 0.251665 -0.451851 0.206671 -0.496845 1 P 0
L 0.206671 -0.496845 0.255415 -0.496845 1 P 0
L 0.326656 -0.418105 0.28916 -0.418105 1 P 0
L 0.28916 -0.418105 0.285411 -0.4556 1 P 0
L 0.285411 -0.4556 0.28916 -0.451851 1 P 0
L 0.28916 -0.451851 0.296659 -0.448101 1 P 0
L 0.296659 -0.448101 0.315407 -0.448101 1 P 0
L 0.315407 -0.448101 0.322906 -0.451851 1 P 0
L 0.322906 -0.451851 0.326656 -0.4556 1 P 0
L 0.326656 -0.4556 0.330405 -0.463099 1 P 0
L 0.330405 -0.463099 0.330405 -0.481847 1 P 0
L 0.330405 -0.481847 0.326656 -0.489346 1 P 0
L 0.326656 -0.489346 0.322906 -0.493096 1 P 0
L 0.322906 -0.493096 0.315407 -0.496845 1 P 0
L 0.315407 -0.496845 0.296659 -0.496845 1 P 0
L 0.296659 -0.496845 0.28916 -0.493096 1 P 0
L 0.28916 -0.493096 0.285411 -0.489346 1 P 0
L 0.379149 -0.418105 0.386648 -0.418105 1 P 0
L 0.386648 -0.418105 0.394147 -0.421855 1 P 0
L 0.394147 -0.421855 0.397897 -0.425604 1 P 0
L 0.397897 -0.425604 0.401647 -0.433103 1 P 0
L 0.401647 -0.433103 0.405396 -0.448101 1 P 0
L 0.405396 -0.448101 0.405396 -0.466849 1 P 0
L 0.405396 -0.466849 0.401647 -0.481847 1 P 0
L 0.401647 -0.481847 0.397897 -0.489346 1 P 0
L 0.397897 -0.489346 0.394147 -0.493096 1 P 0
L 0.394147 -0.493096 0.386648 -0.496845 1 P 0
L 0.386648 -0.496845 0.379149 -0.496845 1 P 0
L 0.379149 -0.496845 0.37165 -0.493096 1 P 0
L 0.37165 -0.493096 0.3679 -0.489346 1 P 0
L 0.3679 -0.489346 0.364151 -0.481847 1 P 0
L 0.364151 -0.481847 0.360402 -0.466849 1 P 0
L 0.360402 -0.466849 0.360402 -0.448101 1 P 0
L 0.360402 -0.448101 0.364151 -0.433103 1 P 0
L 0.364151 -0.433103 0.3679 -0.425604 1 P 0
L 0.3679 -0.425604 0.37165 -0.421855 1 P 0
L 0.37165 -0.421855 0.379149 -0.418105 1 P 0
L 0.439142 -0.496845 0.439142 -0.444352 1 P 0
L 0.439142 -0.451851 0.442891 -0.448101 1 P 0
L 0.442891 -0.448101 0.45039 -0.444352 1 P 0
L 0.45039 -0.444352 0.461639 -0.444352 1 P 0
L 0.461639 -0.444352 0.469138 -0.448101 1 P 0
L 0.469138 -0.448101 0.472887 -0.4556 1 P 0
L 0.472887 -0.4556 0.472887 -0.496845 1 P 0
L 0.472887 -0.4556 0.476637 -0.448101 1 P 0
L 0.476637 -0.448101 0.484136 -0.444352 1 P 0
L 0.484136 -0.444352 0.495385 -0.444352 1 P 0
L 0.495385 -0.444352 0.502884 -0.448101 1 P 0
L 0.502884 -0.448101 0.506633 -0.4556 1 P 0
L 0.506633 -0.4556 0.506633 -0.496845 1 P 0
L 0.544128 -0.496845 0.544128 -0.444352 1 P 0
L 0.544128 -0.451851 0.547878 -0.448101 1 P 0
L 0.547878 -0.448101 0.555377 -0.444352 1 P 0
L 0.555377 -0.444352 0.566626 -0.444352 1 P 0
L 0.566626 -0.444352 0.574125 -0.448101 1 P 0
L 0.574125 -0.448101 0.577874 -0.4556 1 P 0
L 0.577874 -0.4556 0.577874 -0.496845 1 P 0
L 0.577874 -0.4556 0.581624 -0.448101 1 P 0
L 0.581624 -0.448101 0.589123 -0.444352 1 P 0
L 0.589123 -0.444352 0.600371 -0.444352 1 P 0
L 0.600371 -0.444352 0.607871 -0.448101 1 P 0
L 0.607871 -0.448101 0.61162 -0.4556 1 P 0
L 0.61162 -0.4556 0.61162 -0.496845 1 P 0
L 0.765351 -0.414356 0.697859 -0.515593 1 P 0
L 0.866588 -0.418105 0.874087 -0.418105 1 P 0
L 0.874087 -0.418105 0.881586 -0.421855 1 P 0
L 0.881586 -0.421855 0.885336 -0.425604 1 P 0
L 0.885336 -0.425604 0.889085 -0.433103 1 P 0
L 0.889085 -0.433103 0.892835 -0.448101 1 P 0
L 0.892835 -0.448101 0.892835 -0.466849 1 P 0
L 0.892835 -0.466849 0.889085 -0.481847 1 P 0
L 0.889085 -0.481847 0.885336 -0.489346 1 P 0
L 0.885336 -0.489346 0.881586 -0.493096 1 P 0
L 0.881586 -0.493096 0.874087 -0.496845 1 P 0
L 0.874087 -0.496845 0.866588 -0.496845 1 P 0
L 0.866588 -0.496845 0.859089 -0.493096 1 P 0
L 0.859089 -0.493096 0.85534 -0.489346 1 P 0
L 0.85534 -0.489346 0.85159 -0.481847 1 P 0
L 0.85159 -0.481847 0.847841 -0.466849 1 P 0
L 0.847841 -0.466849 0.847841 -0.448101 1 P 0
L 0.847841 -0.448101 0.85159 -0.433103 1 P 0
L 0.85159 -0.433103 0.85534 -0.425604 1 P 0
L 0.85534 -0.425604 0.859089 -0.421855 1 P 0
L 0.859089 -0.421855 0.866588 -0.418105 1 P 0
L 0.926581 -0.489346 0.93033 -0.493096 1 P 0
L 0.93033 -0.493096 0.926581 -0.496845 1 P 0
L 0.926581 -0.496845 0.922831 -0.493096 1 P 0
L 0.922831 -0.493096 0.926581 -0.489346 1 P 0
L 0.926581 -0.489346 0.926581 -0.496845 1 P 0
L 1.00532 -0.496845 0.960326 -0.496845 1 P 0
L 0.982824 -0.496845 0.982824 -0.418105 1 P 0
L 0.982824 -0.418105 0.975325 -0.429354 1 P 0
L 0.975325 -0.429354 0.967826 -0.436853 1 P 0
L 0.967826 -0.436853 0.960326 -0.440602 1 P 0
L 1.03532 -0.425604 1.03907 -0.421855 1 P 0
L 1.03907 -0.421855 1.04657 -0.418105 1 P 0
L 1.04657 -0.418105 1.06531 -0.418105 1 P 0
L 1.06531 -0.418105 1.07281 -0.421855 1 P 0
L 1.07281 -0.421855 1.07656 -0.425604 1 P 0
L 1.07656 -0.425604 1.08031 -0.433103 1 P 0
L 1.08031 -0.433103 1.08031 -0.440602 1 P 0
L 1.08031 -0.440602 1.07656 -0.451851 1 P 0
L 1.07656 -0.451851 1.03157 -0.496845 1 P 0
L 1.03157 -0.496845 1.08031 -0.496845 1 P 0
L 1.12531 -0.451851 1.11781 -0.448101 1 P 0
L 1.11781 -0.448101 1.11406 -0.444352 1 P 0
L 1.11406 -0.444352 1.11031 -0.436853 1 P 0
L 1.11031 -0.436853 1.11031 -0.433103 1 P 0
L 1.11031 -0.433103 1.11406 -0.425604 1 P 0
L 1.11406 -0.425604 1.11781 -0.421855 1 P 0
L 1.11781 -0.421855 1.12531 -0.418105 1 P 0
L 1.12531 -0.418105 1.1403 -0.418105 1 P 0
L 1.1403 -0.418105 1.1478 -0.421855 1 P 0
L 1.1478 -0.421855 1.15155 -0.425604 1 P 0
L 1.15155 -0.425604 1.1553 -0.433103 1 P 0
L 1.1553 -0.433103 1.1553 -0.436853 1 P 0
L 1.1553 -0.436853 1.15155 -0.444352 1 P 0
L 1.15155 -0.444352 1.1478 -0.448101 1 P 0
L 1.1478 -0.448101 1.1403 -0.451851 1 P 0
L 1.1403 -0.451851 1.12531 -0.451851 1 P 0
L 1.12531 -0.451851 1.11781 -0.4556 1 P 0
L 1.11781 -0.4556 1.11406 -0.45935 1 P 0
L 1.11406 -0.45935 1.11031 -0.466849 1 P 0
L 1.11031 -0.466849 1.11031 -0.481847 1 P 0
L 1.11031 -0.481847 1.11406 -0.489346 1 P 0
L 1.11406 -0.489346 1.11781 -0.493096 1 P 0
L 1.11781 -0.493096 1.12531 -0.496845 1 P 0
L 1.12531 -0.496845 1.1403 -0.496845 1 P 0
L 1.1403 -0.496845 1.1478 -0.493096 1 P 0
L 1.1478 -0.493096 1.15155 -0.489346 1 P 0
L 1.15155 -0.489346 1.1553 -0.481847 1 P 0
L 1.1553 -0.481847 1.1553 -0.466849 1 P 0
L 1.1553 -0.466849 1.15155 -0.45935 1 P 0
L 1.15155 -0.45935 1.1478 -0.4556 1 P 0
L 1.1478 -0.4556 1.1403 -0.451851 1 P 0
L 1.20405 -0.418105 1.21154 -0.418105 1 P 0
L 1.21154 -0.418105 1.21904 -0.421855 1 P 0
L 1.21904 -0.421855 1.22279 -0.425604 1 P 0
L 1.22279 -0.425604 1.22654 -0.433103 1 P 0
L 1.22654 -0.433103 1.23029 -0.448101 1 P 0
L 1.23029 -0.448101 1.23029 -0.466849 1 P 0
L 1.23029 -0.466849 1.22654 -0.481847 1 P 0
L 1.22654 -0.481847 1.22279 -0.489346 1 P 0
L 1.22279 -0.489346 1.21904 -0.493096 1 P 0
L 1.21904 -0.493096 1.21154 -0.496845 1 P 0
L 1.21154 -0.496845 1.20405 -0.496845 1 P 0
L 1.20405 -0.496845 1.19655 -0.493096 1 P 0
L 1.19655 -0.493096 1.1928 -0.489346 1 P 0
L 1.1928 -0.489346 1.18905 -0.481847 1 P 0
L 1.18905 -0.481847 1.1853 -0.466849 1 P 0
L 1.1853 -0.466849 1.1853 -0.448101 1 P 0
L 1.1853 -0.448101 1.18905 -0.433103 1 P 0
L 1.18905 -0.433103 1.1928 -0.425604 1 P 0
L 1.1928 -0.425604 1.19655 -0.421855 1 P 0
L 1.19655 -0.421855 1.20405 -0.418105 1 P 0
L 1.26029 -0.418105 1.26029 -0.433103 1 P 0
L 1.29028 -0.418105 1.29028 -0.433103 1 P 0
L 1.40652 -0.526841 1.40277 -0.523092 1 P 0
L 1.40277 -0.523092 1.39527 -0.511843 1 P 0
L 1.39527 -0.511843 1.39152 -0.504344 1 P 0
L 1.39152 -0.504344 1.38777 -0.493096 1 P 0
L 1.38777 -0.493096 1.38402 -0.474348 1 P 0
L 1.38402 -0.474348 1.38402 -0.45935 1 P 0
L 1.38402 -0.45935 1.38777 -0.440602 1 P 0
L 1.38777 -0.440602 1.39152 -0.429354 1 P 0
L 1.39152 -0.429354 1.39527 -0.421855 1 P 0
L 1.39527 -0.421855 1.40277 -0.410606 1 P 0
L 1.40277 -0.410606 1.40652 -0.406856 1 P 0
L 1.43277 -0.425604 1.43652 -0.421855 1 P 0
L 1.43652 -0.421855 1.44402 -0.418105 1 P 0
L 1.44402 -0.418105 1.46276 -0.418105 1 P 0
L 1.46276 -0.418105 1.47026 -0.421855 1 P 0
L 1.47026 -0.421855 1.47401 -0.425604 1 P 0
L 1.47401 -0.425604 1.47776 -0.433103 1 P 0
L 1.47776 -0.433103 1.47776 -0.440602 1 P 0
L 1.47776 -0.440602 1.47401 -0.451851 1 P 0
L 1.47401 -0.451851 1.42902 -0.496845 1 P 0
L 1.42902 -0.496845 1.47776 -0.496845 1 P 0
L 1.5715 -0.496845 1.5715 -0.418105 1 P 0
L 1.60525 -0.496845 1.60525 -0.4556 1 P 0
L 1.60525 -0.4556 1.6015 -0.448101 1 P 0
L 1.6015 -0.448101 1.594 -0.444352 1 P 0
L 1.594 -0.444352 1.58275 -0.444352 1 P 0
L 1.58275 -0.444352 1.57525 -0.448101 1 P 0
L 1.57525 -0.448101 1.5715 -0.451851 1 P 0
L 1.65399 -0.496845 1.64649 -0.493096 1 P 0
L 1.64649 -0.493096 1.64274 -0.489346 1 P 0
L 1.64274 -0.489346 1.63899 -0.481847 1 P 0
L 1.63899 -0.481847 1.63899 -0.45935 1 P 0
L 1.63899 -0.45935 1.64274 -0.451851 1 P 0
L 1.64274 -0.451851 1.64649 -0.448101 1 P 0
L 1.64649 -0.448101 1.65399 -0.444352 1 P 0
L 1.65399 -0.444352 1.66524 -0.444352 1 P 0
L 1.66524 -0.444352 1.67274 -0.448101 1 P 0
L 1.67274 -0.448101 1.67649 -0.451851 1 P 0
L 1.67649 -0.451851 1.68024 -0.45935 1 P 0
L 1.68024 -0.45935 1.68024 -0.481847 1 P 0
L 1.68024 -0.481847 1.67649 -0.489346 1 P 0
L 1.67649 -0.489346 1.67274 -0.493096 1 P 0
L 1.67274 -0.493096 1.66524 -0.496845 1 P 0
L 1.66524 -0.496845 1.65399 -0.496845 1 P 0
L 1.72523 -0.496845 1.71773 -0.493096 1 P 0
L 1.71773 -0.493096 1.71398 -0.485597 1 P 0
L 1.71398 -0.485597 1.71398 -0.418105 1 P 0
L 1.78522 -0.493096 1.77772 -0.496845 1 P 0
L 1.77772 -0.496845 1.76273 -0.496845 1 P 0
L 1.76273 -0.496845 1.75523 -0.493096 1 P 0
L 1.75523 -0.493096 1.75148 -0.485597 1 P 0
L 1.75148 -0.485597 1.75148 -0.4556 1 P 0
L 1.75148 -0.4556 1.75523 -0.448101 1 P 0
L 1.75523 -0.448101 1.76273 -0.444352 1 P 0
L 1.76273 -0.444352 1.77772 -0.444352 1 P 0
L 1.77772 -0.444352 1.78522 -0.448101 1 P 0
L 1.78522 -0.448101 1.78897 -0.4556 1 P 0
L 1.78897 -0.4556 1.78897 -0.463099 1 P 0
L 1.78897 -0.463099 1.75148 -0.470598 1 P 0
L 1.81897 -0.493096 1.82647 -0.496845 1 P 0
L 1.82647 -0.496845 1.84147 -0.496845 1 P 0
L 1.84147 -0.496845 1.84897 -0.493096 1 P 0
L 1.84897 -0.493096 1.85271 -0.485597 1 P 0
L 1.85271 -0.485597 1.85271 -0.481847 1 P 0
L 1.85271 -0.481847 1.84897 -0.474348 1 P 0
L 1.84897 -0.474348 1.84147 -0.470598 1 P 0
L 1.84147 -0.470598 1.83022 -0.470598 1 P 0
L 1.83022 -0.470598 1.82272 -0.466849 1 P 0
L 1.82272 -0.466849 1.81897 -0.45935 1 P 0
L 1.81897 -0.45935 1.81897 -0.4556 1 P 0
L 1.81897 -0.4556 1.82272 -0.448101 1 P 0
L 1.82272 -0.448101 1.83022 -0.444352 1 P 0
L 1.83022 -0.444352 1.84147 -0.444352 1 P 0
L 1.84147 -0.444352 1.84897 -0.448101 1 P 0
L 1.87896 -0.526841 1.88271 -0.523092 1 P 0
L 1.88271 -0.523092 1.89021 -0.511843 1 P 0
L 1.89021 -0.511843 1.89396 -0.504344 1 P 0
L 1.89396 -0.504344 1.89771 -0.493096 1 P 0
L 1.89771 -0.493096 1.90146 -0.474348 1 P 0
L 1.90146 -0.474348 1.90146 -0.45935 1 P 0
L 1.90146 -0.45935 1.89771 -0.440602 1 P 0
L 1.89771 -0.440602 1.89396 -0.429354 1 P 0
L 1.89396 -0.429354 1.89021 -0.421855 1 P 0
L 1.89021 -0.421855 1.88271 -0.410606 1 P 0
L 1.88271 -0.410606 1.87896 -0.406856 1 P 0
L 2.02144 -0.526841 2.01769 -0.523092 1 P 0
L 2.01769 -0.523092 2.01019 -0.511843 1 P 0
L 2.01019 -0.511843 2.00645 -0.504344 1 P 0
L 2.00645 -0.504344 2.0027 -0.493096 1 P 0
L 2.0027 -0.493096 1.99895 -0.474348 1 P 0
L 1.99895 -0.474348 1.99895 -0.45935 1 P 0
L 1.99895 -0.45935 2.0027 -0.440602 1 P 0
L 2.0027 -0.440602 2.00645 -0.429354 1 P 0
L 2.00645 -0.429354 2.01019 -0.421855 1 P 0
L 2.01019 -0.421855 2.01769 -0.410606 1 P 0
L 2.01769 -0.410606 2.02144 -0.406856 1 P 0
L 2.05144 -0.444352 2.05144 -0.496845 1 P 0
L 2.05144 -0.451851 2.05519 -0.448101 1 P 0
L 2.05519 -0.448101 2.06269 -0.444352 1 P 0
L 2.06269 -0.444352 2.07394 -0.444352 1 P 0
L 2.07394 -0.444352 2.08144 -0.448101 1 P 0
L 2.08144 -0.448101 2.08519 -0.4556 1 P 0
L 2.08519 -0.4556 2.08519 -0.496845 1 P 0
L 2.13393 -0.496845 2.12643 -0.493096 1 P 0
L 2.12643 -0.493096 2.12268 -0.489346 1 P 0
L 2.12268 -0.489346 2.11893 -0.481847 1 P 0
L 2.11893 -0.481847 2.11893 -0.45935 1 P 0
L 2.11893 -0.45935 2.12268 -0.451851 1 P 0
L 2.12268 -0.451851 2.12643 -0.448101 1 P 0
L 2.12643 -0.448101 2.13393 -0.444352 1 P 0
L 2.13393 -0.444352 2.14518 -0.444352 1 P 0
L 2.14518 -0.444352 2.15268 -0.448101 1 P 0
L 2.15268 -0.448101 2.15643 -0.451851 1 P 0
L 2.15643 -0.451851 2.16018 -0.45935 1 P 0
L 2.16018 -0.45935 2.16018 -0.481847 1 P 0
L 2.16018 -0.481847 2.15643 -0.489346 1 P 0
L 2.15643 -0.489346 2.15268 -0.493096 1 P 0
L 2.15268 -0.493096 2.14518 -0.496845 1 P 0
L 2.14518 -0.496845 2.13393 -0.496845 1 P 0
L 2.18267 -0.444352 2.21267 -0.444352 1 P 0
L 2.19392 -0.418105 2.19392 -0.485597 1 P 0
L 2.19392 -0.485597 2.19767 -0.493096 1 P 0
L 2.19767 -0.493096 2.20517 -0.496845 1 P 0
L 2.20517 -0.496845 2.21267 -0.496845 1 P 0
L 2.29891 -0.444352 2.29891 -0.523092 1 P 0
L 2.29891 -0.448101 2.30641 -0.444352 1 P 0
L 2.30641 -0.444352 2.32141 -0.444352 1 P 0
L 2.32141 -0.444352 2.32891 -0.448101 1 P 0
L 2.32891 -0.448101 2.33265 -0.451851 1 P 0
L 2.33265 -0.451851 2.33641 -0.45935 1 P 0
L 2.33641 -0.45935 2.33641 -0.481847 1 P 0
L 2.33641 -0.481847 2.33265 -0.489346 1 P 0
L 2.33265 -0.489346 2.32891 -0.493096 1 P 0
L 2.32891 -0.493096 2.32141 -0.496845 1 P 0
L 2.32141 -0.496845 2.30641 -0.496845 1 P 0
L 2.30641 -0.496845 2.29891 -0.493096 1 P 0
L 2.3814 -0.496845 2.3739 -0.493096 1 P 0
L 2.3739 -0.493096 2.37015 -0.485597 1 P 0
L 2.37015 -0.485597 2.37015 -0.418105 1 P 0
L 2.44514 -0.496845 2.44514 -0.4556 1 P 0
L 2.44514 -0.4556 2.44139 -0.448101 1 P 0
L 2.44139 -0.448101 2.43389 -0.444352 1 P 0
L 2.43389 -0.444352 2.4189 -0.444352 1 P 0
L 2.4189 -0.444352 2.41139 -0.448101 1 P 0
L 2.44514 -0.493096 2.43764 -0.496845 1 P 0
L 2.43764 -0.496845 2.4189 -0.496845 1 P 0
L 2.4189 -0.496845 2.41139 -0.493096 1 P 0
L 2.41139 -0.493096 2.40765 -0.485597 1 P 0
L 2.40765 -0.485597 2.40765 -0.478098 1 P 0
L 2.40765 -0.478098 2.41139 -0.470598 1 P 0
L 2.41139 -0.470598 2.4189 -0.466849 1 P 0
L 2.4189 -0.466849 2.43764 -0.466849 1 P 0
L 2.43764 -0.466849 2.44514 -0.463099 1 P 0
L 2.47139 -0.444352 2.50138 -0.444352 1 P 0
L 2.48264 -0.418105 2.48264 -0.485597 1 P 0
L 2.48264 -0.485597 2.48639 -0.493096 1 P 0
L 2.48639 -0.493096 2.49388 -0.496845 1 P 0
L 2.49388 -0.496845 2.50138 -0.496845 1 P 0
L 2.55763 -0.493096 2.55013 -0.496845 1 P 0
L 2.55013 -0.496845 2.53513 -0.496845 1 P 0
L 2.53513 -0.496845 2.52763 -0.493096 1 P 0
L 2.52763 -0.493096 2.52388 -0.485597 1 P 0
L 2.52388 -0.485597 2.52388 -0.4556 1 P 0
L 2.52388 -0.4556 2.52763 -0.448101 1 P 0
L 2.52763 -0.448101 2.53513 -0.444352 1 P 0
L 2.53513 -0.444352 2.55013 -0.444352 1 P 0
L 2.55013 -0.444352 2.55763 -0.448101 1 P 0
L 2.55763 -0.448101 2.56138 -0.4556 1 P 0
L 2.56138 -0.4556 2.56138 -0.463099 1 P 0
L 2.56138 -0.463099 2.52388 -0.470598 1 P 0
L 2.62887 -0.496845 2.62887 -0.418105 1 P 0
L 2.62887 -0.493096 2.62137 -0.496845 1 P 0
L 2.62137 -0.496845 2.60637 -0.496845 1 P 0
L 2.60637 -0.496845 2.59887 -0.493096 1 P 0
L 2.59887 -0.493096 2.59512 -0.489346 1 P 0
L 2.59512 -0.489346 2.59137 -0.481847 1 P 0
L 2.59137 -0.481847 2.59137 -0.45935 1 P 0
L 2.59137 -0.45935 2.59512 -0.451851 1 P 0
L 2.59512 -0.451851 2.59887 -0.448101 1 P 0
L 2.59887 -0.448101 2.60637 -0.444352 1 P 0
L 2.60637 -0.444352 2.62137 -0.444352 1 P 0
L 2.62137 -0.444352 2.62887 -0.448101 1 P 0
L 2.65886 -0.526841 2.66261 -0.523092 1 P 0
L 2.66261 -0.523092 2.67011 -0.511843 1 P 0
L 2.67011 -0.511843 2.67386 -0.504344 1 P 0
L 2.67386 -0.504344 2.67761 -0.493096 1 P 0
L 2.67761 -0.493096 2.68136 -0.474348 1 P 0
L 2.68136 -0.474348 2.68136 -0.45935 1 P 0
L 2.68136 -0.45935 2.67761 -0.440602 1 P 0
L 2.67761 -0.440602 2.67386 -0.429354 1 P 0
L 2.67386 -0.429354 2.67011 -0.421855 1 P 0
L 2.67011 -0.421855 2.66261 -0.410606 1 P 0
L 2.66261 -0.410606 2.65886 -0.406856 1 P 0
L -0.012515 -0.614651 -0.012515 -0.558973 1 P 0
L -0.012515 -0.558973 -0.068193 -0.558973 1 P 0
L -0.068193 -0.558973 -0.068193 -0.614651 1 P 0
L -0.068193 -0.614651 -0.012515 -0.614651 1 P 0
L 0.094185 -0.544089 0.142929 -0.544089 1 P 0
L 0.142929 -0.544089 0.116682 -0.574085 1 P 0
L 0.116682 -0.574085 0.127931 -0.574085 1 P 0
L 0.127931 -0.574085 0.13543 -0.577835 1 P 0
L 0.13543 -0.577835 0.139179 -0.581585 1 P 0
L 0.139179 -0.581585 0.142929 -0.589084 1 P 0
L 0.142929 -0.589084 0.142929 -0.607831 1 P 0
L 0.142929 -0.607831 0.139179 -0.61533 1 P 0
L 0.139179 -0.61533 0.13543 -0.61908 1 P 0
L 0.13543 -0.61908 0.127931 -0.62283 1 P 0
L 0.127931 -0.62283 0.105434 -0.62283 1 P 0
L 0.105434 -0.62283 0.097934 -0.61908 1 P 0
L 0.097934 -0.61908 0.094185 -0.61533 1 P 0
L 0.176674 -0.61533 0.180424 -0.61908 1 P 0
L 0.180424 -0.61908 0.176674 -0.62283 1 P 0
L 0.176674 -0.62283 0.172925 -0.61908 1 P 0
L 0.172925 -0.61908 0.176674 -0.61533 1 P 0
L 0.176674 -0.61533 0.176674 -0.62283 1 P 0
L 0.21042 -0.551588 0.21417 -0.547839 1 P 0
L 0.21417 -0.547839 0.221669 -0.544089 1 P 0
L 0.221669 -0.544089 0.240417 -0.544089 1 P 0
L 0.240417 -0.544089 0.247915 -0.547839 1 P 0
L 0.247915 -0.547839 0.251665 -0.551588 1 P 0
L 0.251665 -0.551588 0.255415 -0.559087 1 P 0
L 0.255415 -0.559087 0.255415 -0.566587 1 P 0
L 0.255415 -0.566587 0.251665 -0.577835 1 P 0
L 0.251665 -0.577835 0.206671 -0.62283 1 P 0
L 0.206671 -0.62283 0.255415 -0.62283 1 P 0
L 0.326656 -0.544089 0.28916 -0.544089 1 P 0
L 0.28916 -0.544089 0.285411 -0.581585 1 P 0
L 0.285411 -0.581585 0.28916 -0.577835 1 P 0
L 0.28916 -0.577835 0.296659 -0.574085 1 P 0
L 0.296659 -0.574085 0.315407 -0.574085 1 P 0
L 0.315407 -0.574085 0.322906 -0.577835 1 P 0
L 0.322906 -0.577835 0.326656 -0.581585 1 P 0
L 0.326656 -0.581585 0.330405 -0.589084 1 P 0
L 0.330405 -0.589084 0.330405 -0.607831 1 P 0
L 0.330405 -0.607831 0.326656 -0.61533 1 P 0
L 0.326656 -0.61533 0.322906 -0.61908 1 P 0
L 0.322906 -0.61908 0.315407 -0.62283 1 P 0
L 0.315407 -0.62283 0.296659 -0.62283 1 P 0
L 0.296659 -0.62283 0.28916 -0.61908 1 P 0
L 0.28916 -0.61908 0.285411 -0.61533 1 P 0
L 0.379149 -0.544089 0.386648 -0.544089 1 P 0
L 0.386648 -0.544089 0.394147 -0.547839 1 P 0
L 0.394147 -0.547839 0.397897 -0.551588 1 P 0
L 0.397897 -0.551588 0.401647 -0.559087 1 P 0
L 0.401647 -0.559087 0.405396 -0.574085 1 P 0
L 0.405396 -0.574085 0.405396 -0.592833 1 P 0
L 0.405396 -0.592833 0.401647 -0.607831 1 P 0
L 0.401647 -0.607831 0.397897 -0.61533 1 P 0
L 0.397897 -0.61533 0.394147 -0.61908 1 P 0
L 0.394147 -0.61908 0.386648 -0.62283 1 P 0
L 0.386648 -0.62283 0.379149 -0.62283 1 P 0
L 0.379149 -0.62283 0.37165 -0.61908 1 P 0
L 0.37165 -0.61908 0.3679 -0.61533 1 P 0
L 0.3679 -0.61533 0.364151 -0.607831 1 P 0
L 0.364151 -0.607831 0.360402 -0.592833 1 P 0
L 0.360402 -0.592833 0.360402 -0.574085 1 P 0
L 0.360402 -0.574085 0.364151 -0.559087 1 P 0
L 0.364151 -0.559087 0.3679 -0.551588 1 P 0
L 0.3679 -0.551588 0.37165 -0.547839 1 P 0
L 0.37165 -0.547839 0.379149 -0.544089 1 P 0
L 0.439142 -0.62283 0.439142 -0.570336 1 P 0
L 0.439142 -0.577835 0.442891 -0.574085 1 P 0
L 0.442891 -0.574085 0.45039 -0.570336 1 P 0
L 0.45039 -0.570336 0.461639 -0.570336 1 P 0
L 0.461639 -0.570336 0.469138 -0.574085 1 P 0
L 0.469138 -0.574085 0.472887 -0.581585 1 P 0
L 0.472887 -0.581585 0.472887 -0.62283 1 P 0
L 0.472887 -0.581585 0.476637 -0.574085 1 P 0
L 0.476637 -0.574085 0.484136 -0.570336 1 P 0
L 0.484136 -0.570336 0.495385 -0.570336 1 P 0
L 0.495385 -0.570336 0.502884 -0.574085 1 P 0
L 0.502884 -0.574085 0.506633 -0.581585 1 P 0
L 0.506633 -0.581585 0.506633 -0.62283 1 P 0
L 0.544128 -0.62283 0.544128 -0.570336 1 P 0
L 0.544128 -0.577835 0.547878 -0.574085 1 P 0
L 0.547878 -0.574085 0.555377 -0.570336 1 P 0
L 0.555377 -0.570336 0.566626 -0.570336 1 P 0
L 0.566626 -0.570336 0.574125 -0.574085 1 P 0
L 0.574125 -0.574085 0.577874 -0.581585 1 P 0
L 0.577874 -0.581585 0.577874 -0.62283 1 P 0
L 0.577874 -0.581585 0.581624 -0.574085 1 P 0
L 0.581624 -0.574085 0.589123 -0.570336 1 P 0
L 0.589123 -0.570336 0.600371 -0.570336 1 P 0
L 0.600371 -0.570336 0.607871 -0.574085 1 P 0
L 0.607871 -0.574085 0.61162 -0.581585 1 P 0
L 0.61162 -0.581585 0.61162 -0.62283 1 P 0
L 0.765351 -0.54034 0.697859 -0.641577 1 P 0
L 0.866588 -0.544089 0.874087 -0.544089 1 P 0
L 0.874087 -0.544089 0.881586 -0.547839 1 P 0
L 0.881586 -0.547839 0.885336 -0.551588 1 P 0
L 0.885336 -0.551588 0.889085 -0.559087 1 P 0
L 0.889085 -0.559087 0.892835 -0.574085 1 P 0
L 0.892835 -0.574085 0.892835 -0.592833 1 P 0
L 0.892835 -0.592833 0.889085 -0.607831 1 P 0
L 0.889085 -0.607831 0.885336 -0.61533 1 P 0
L 0.885336 -0.61533 0.881586 -0.61908 1 P 0
L 0.881586 -0.61908 0.874087 -0.62283 1 P 0
L 0.874087 -0.62283 0.866588 -0.62283 1 P 0
L 0.866588 -0.62283 0.859089 -0.61908 1 P 0
L 0.859089 -0.61908 0.85534 -0.61533 1 P 0
L 0.85534 -0.61533 0.85159 -0.607831 1 P 0
L 0.85159 -0.607831 0.847841 -0.592833 1 P 0
L 0.847841 -0.592833 0.847841 -0.574085 1 P 0
L 0.847841 -0.574085 0.85159 -0.559087 1 P 0
L 0.85159 -0.559087 0.85534 -0.551588 1 P 0
L 0.85534 -0.551588 0.859089 -0.547839 1 P 0
L 0.859089 -0.547839 0.866588 -0.544089 1 P 0
L 0.926581 -0.61533 0.93033 -0.61908 1 P 0
L 0.93033 -0.61908 0.926581 -0.62283 1 P 0
L 0.926581 -0.62283 0.922831 -0.61908 1 P 0
L 0.922831 -0.61908 0.926581 -0.61533 1 P 0
L 0.926581 -0.61533 0.926581 -0.62283 1 P 0
L 1.00532 -0.62283 0.960326 -0.62283 1 P 0
L 0.982824 -0.62283 0.982824 -0.544089 1 P 0
L 0.982824 -0.544089 0.975325 -0.555338 1 P 0
L 0.975325 -0.555338 0.967826 -0.562837 1 P 0
L 0.967826 -0.562837 0.960326 -0.566587 1 P 0
L 1.03532 -0.551588 1.03907 -0.547839 1 P 0
L 1.03907 -0.547839 1.04657 -0.544089 1 P 0
L 1.04657 -0.544089 1.06531 -0.544089 1 P 0
L 1.06531 -0.544089 1.07281 -0.547839 1 P 0
L 1.07281 -0.547839 1.07656 -0.551588 1 P 0
L 1.07656 -0.551588 1.08031 -0.559087 1 P 0
L 1.08031 -0.559087 1.08031 -0.566587 1 P 0
L 1.08031 -0.566587 1.07656 -0.577835 1 P 0
L 1.07656 -0.577835 1.03157 -0.62283 1 P 0
L 1.03157 -0.62283 1.08031 -0.62283 1 P 0
L 1.12531 -0.577835 1.11781 -0.574085 1 P 0
L 1.11781 -0.574085 1.11406 -0.570336 1 P 0
L 1.11406 -0.570336 1.11031 -0.562837 1 P 0
L 1.11031 -0.562837 1.11031 -0.559087 1 P 0
L 1.11031 -0.559087 1.11406 -0.551588 1 P 0
L 1.11406 -0.551588 1.11781 -0.547839 1 P 0
L 1.11781 -0.547839 1.12531 -0.544089 1 P 0
L 1.12531 -0.544089 1.1403 -0.544089 1 P 0
L 1.1403 -0.544089 1.1478 -0.547839 1 P 0
L 1.1478 -0.547839 1.15155 -0.551588 1 P 0
L 1.15155 -0.551588 1.1553 -0.559087 1 P 0
L 1.1553 -0.559087 1.1553 -0.562837 1 P 0
L 1.1553 -0.562837 1.15155 -0.570336 1 P 0
L 1.15155 -0.570336 1.1478 -0.574085 1 P 0
L 1.1478 -0.574085 1.1403 -0.577835 1 P 0
L 1.1403 -0.577835 1.12531 -0.577835 1 P 0
L 1.12531 -0.577835 1.11781 -0.581585 1 P 0
L 1.11781 -0.581585 1.11406 -0.585334 1 P 0
L 1.11406 -0.585334 1.11031 -0.592833 1 P 0
L 1.11031 -0.592833 1.11031 -0.607831 1 P 0
L 1.11031 -0.607831 1.11406 -0.61533 1 P 0
L 1.11406 -0.61533 1.11781 -0.61908 1 P 0
L 1.11781 -0.61908 1.12531 -0.62283 1 P 0
L 1.12531 -0.62283 1.1403 -0.62283 1 P 0
L 1.1403 -0.62283 1.1478 -0.61908 1 P 0
L 1.1478 -0.61908 1.15155 -0.61533 1 P 0
L 1.15155 -0.61533 1.1553 -0.607831 1 P 0
L 1.1553 -0.607831 1.1553 -0.592833 1 P 0
L 1.1553 -0.592833 1.15155 -0.585334 1 P 0
L 1.15155 -0.585334 1.1478 -0.581585 1 P 0
L 1.1478 -0.581585 1.1403 -0.577835 1 P 0
L 1.20405 -0.544089 1.21154 -0.544089 1 P 0
L 1.21154 -0.544089 1.21904 -0.547839 1 P 0
L 1.21904 -0.547839 1.22279 -0.551588 1 P 0
L 1.22279 -0.551588 1.22654 -0.559087 1 P 0
L 1.22654 -0.559087 1.23029 -0.574085 1 P 0
L 1.23029 -0.574085 1.23029 -0.592833 1 P 0
L 1.23029 -0.592833 1.22654 -0.607831 1 P 0
L 1.22654 -0.607831 1.22279 -0.61533 1 P 0
L 1.22279 -0.61533 1.21904 -0.61908 1 P 0
L 1.21904 -0.61908 1.21154 -0.62283 1 P 0
L 1.21154 -0.62283 1.20405 -0.62283 1 P 0
L 1.20405 -0.62283 1.19655 -0.61908 1 P 0
L 1.19655 -0.61908 1.1928 -0.61533 1 P 0
L 1.1928 -0.61533 1.18905 -0.607831 1 P 0
L 1.18905 -0.607831 1.1853 -0.592833 1 P 0
L 1.1853 -0.592833 1.1853 -0.574085 1 P 0
L 1.1853 -0.574085 1.18905 -0.559087 1 P 0
L 1.18905 -0.559087 1.1928 -0.551588 1 P 0
L 1.1928 -0.551588 1.19655 -0.547839 1 P 0
L 1.19655 -0.547839 1.20405 -0.544089 1 P 0
L 1.26029 -0.544089 1.26029 -0.559087 1 P 0
L 1.29028 -0.544089 1.29028 -0.559087 1 P 0
L 1.40652 -0.652826 1.40277 -0.649076 1 P 0
L 1.40277 -0.649076 1.39527 -0.637828 1 P 0
L 1.39527 -0.637828 1.39152 -0.630328 1 P 0
L 1.39152 -0.630328 1.38777 -0.61908 1 P 0
L 1.38777 -0.61908 1.38402 -0.600332 1 P 0
L 1.38402 -0.600332 1.38402 -0.585334 1 P 0
L 1.38402 -0.585334 1.38777 -0.566587 1 P 0
L 1.38777 -0.566587 1.39152 -0.555338 1 P 0
L 1.39152 -0.555338 1.39527 -0.547839 1 P 0
L 1.39527 -0.547839 1.40277 -0.53659 1 P 0
L 1.40277 -0.53659 1.40652 -0.532841 1 P 0
L 1.47026 -0.570336 1.47026 -0.62283 1 P 0
L 1.45151 -0.54034 1.43277 -0.596583 1 P 0
L 1.43277 -0.596583 1.48151 -0.596583 1 P 0
L 1.5715 -0.62283 1.5715 -0.544089 1 P 0
L 1.60525 -0.62283 1.60525 -0.581585 1 P 0
L 1.60525 -0.581585 1.6015 -0.574085 1 P 0
L 1.6015 -0.574085 1.594 -0.570336 1 P 0
L 1.594 -0.570336 1.58275 -0.570336 1 P 0
L 1.58275 -0.570336 1.57525 -0.574085 1 P 0
L 1.57525 -0.574085 1.5715 -0.577835 1 P 0
L 1.65399 -0.62283 1.64649 -0.61908 1 P 0
L 1.64649 -0.61908 1.64274 -0.61533 1 P 0
L 1.64274 -0.61533 1.63899 -0.607831 1 P 0
L 1.63899 -0.607831 1.63899 -0.585334 1 P 0
L 1.63899 -0.585334 1.64274 -0.577835 1 P 0
L 1.64274 -0.577835 1.64649 -0.574085 1 P 0
L 1.64649 -0.574085 1.65399 -0.570336 1 P 0
L 1.65399 -0.570336 1.66524 -0.570336 1 P 0
L 1.66524 -0.570336 1.67274 -0.574085 1 P 0
L 1.67274 -0.574085 1.67649 -0.577835 1 P 0
L 1.67649 -0.577835 1.68024 -0.585334 1 P 0
L 1.68024 -0.585334 1.68024 -0.607831 1 P 0
L 1.68024 -0.607831 1.67649 -0.61533 1 P 0
L 1.67649 -0.61533 1.67274 -0.61908 1 P 0
L 1.67274 -0.61908 1.66524 -0.62283 1 P 0
L 1.66524 -0.62283 1.65399 -0.62283 1 P 0
L 1.72523 -0.62283 1.71773 -0.61908 1 P 0
L 1.71773 -0.61908 1.71398 -0.611581 1 P 0
L 1.71398 -0.611581 1.71398 -0.544089 1 P 0
L 1.78522 -0.61908 1.77772 -0.62283 1 P 0
L 1.77772 -0.62283 1.76273 -0.62283 1 P 0
L 1.76273 -0.62283 1.75523 -0.61908 1 P 0
L 1.75523 -0.61908 1.75148 -0.611581 1 P 0
L 1.75148 -0.611581 1.75148 -0.581585 1 P 0
L 1.75148 -0.581585 1.75523 -0.574085 1 P 0
L 1.75523 -0.574085 1.76273 -0.570336 1 P 0
L 1.76273 -0.570336 1.77772 -0.570336 1 P 0
L 1.77772 -0.570336 1.78522 -0.574085 1 P 0
L 1.78522 -0.574085 1.78897 -0.581585 1 P 0
L 1.78897 -0.581585 1.78897 -0.589084 1 P 0
L 1.78897 -0.589084 1.75148 -0.596583 1 P 0
L 1.81897 -0.61908 1.82647 -0.62283 1 P 0
L 1.82647 -0.62283 1.84147 -0.62283 1 P 0
L 1.84147 -0.62283 1.84897 -0.61908 1 P 0
L 1.84897 -0.61908 1.85271 -0.611581 1 P 0
L 1.85271 -0.611581 1.85271 -0.607831 1 P 0
L 1.85271 -0.607831 1.84897 -0.600332 1 P 0
L 1.84897 -0.600332 1.84147 -0.596583 1 P 0
L 1.84147 -0.596583 1.83022 -0.596583 1 P 0
L 1.83022 -0.596583 1.82272 -0.592833 1 P 0
L 1.82272 -0.592833 1.81897 -0.585334 1 P 0
L 1.81897 -0.585334 1.81897 -0.581585 1 P 0
L 1.81897 -0.581585 1.82272 -0.574085 1 P 0
L 1.82272 -0.574085 1.83022 -0.570336 1 P 0
L 1.83022 -0.570336 1.84147 -0.570336 1 P 0
L 1.84147 -0.570336 1.84897 -0.574085 1 P 0
L 1.87896 -0.652826 1.88271 -0.649076 1 P 0
L 1.88271 -0.649076 1.89021 -0.637828 1 P 0
L 1.89021 -0.637828 1.89396 -0.630328 1 P 0
L 1.89396 -0.630328 1.89771 -0.61908 1 P 0
L 1.89771 -0.61908 1.90146 -0.600332 1 P 0
L 1.90146 -0.600332 1.90146 -0.585334 1 P 0
L 1.90146 -0.585334 1.89771 -0.566587 1 P 0
L 1.89771 -0.566587 1.89396 -0.555338 1 P 0
L 1.89396 -0.555338 1.89021 -0.547839 1 P 0
L 1.89021 -0.547839 1.88271 -0.53659 1 P 0
L 1.88271 -0.53659 1.87896 -0.532841 1 P 0
L 2.02144 -0.652826 2.01769 -0.649076 1 P 0
L 2.01769 -0.649076 2.01019 -0.637828 1 P 0
L 2.01019 -0.637828 2.00645 -0.630328 1 P 0
L 2.00645 -0.630328 2.0027 -0.61908 1 P 0
L 2.0027 -0.61908 1.99895 -0.600332 1 P 0
L 1.99895 -0.600332 1.99895 -0.585334 1 P 0
L 1.99895 -0.585334 2.0027 -0.566587 1 P 0
L 2.0027 -0.566587 2.00645 -0.555338 1 P 0
L 2.00645 -0.555338 2.01019 -0.547839 1 P 0
L 2.01019 -0.547839 2.01769 -0.53659 1 P 0
L 2.01769 -0.53659 2.02144 -0.532841 1 P 0
L 2.05144 -0.570336 2.05144 -0.62283 1 P 0
L 2.05144 -0.577835 2.05519 -0.574085 1 P 0
L 2.05519 -0.574085 2.06269 -0.570336 1 P 0
L 2.06269 -0.570336 2.07394 -0.570336 1 P 0
L 2.07394 -0.570336 2.08144 -0.574085 1 P 0
L 2.08144 -0.574085 2.08519 -0.581585 1 P 0
L 2.08519 -0.581585 2.08519 -0.62283 1 P 0
L 2.13393 -0.62283 2.12643 -0.61908 1 P 0
L 2.12643 -0.61908 2.12268 -0.61533 1 P 0
L 2.12268 -0.61533 2.11893 -0.607831 1 P 0
L 2.11893 -0.607831 2.11893 -0.585334 1 P 0
L 2.11893 -0.585334 2.12268 -0.577835 1 P 0
L 2.12268 -0.577835 2.12643 -0.574085 1 P 0
L 2.12643 -0.574085 2.13393 -0.570336 1 P 0
L 2.13393 -0.570336 2.14518 -0.570336 1 P 0
L 2.14518 -0.570336 2.15268 -0.574085 1 P 0
L 2.15268 -0.574085 2.15643 -0.577835 1 P 0
L 2.15643 -0.577835 2.16018 -0.585334 1 P 0
L 2.16018 -0.585334 2.16018 -0.607831 1 P 0
L 2.16018 -0.607831 2.15643 -0.61533 1 P 0
L 2.15643 -0.61533 2.15268 -0.61908 1 P 0
L 2.15268 -0.61908 2.14518 -0.62283 1 P 0
L 2.14518 -0.62283 2.13393 -0.62283 1 P 0
L 2.18267 -0.570336 2.21267 -0.570336 1 P 0
L 2.19392 -0.544089 2.19392 -0.611581 1 P 0
L 2.19392 -0.611581 2.19767 -0.61908 1 P 0
L 2.19767 -0.61908 2.20517 -0.62283 1 P 0
L 2.20517 -0.62283 2.21267 -0.62283 1 P 0
L 2.29891 -0.570336 2.29891 -0.649076 1 P 0
L 2.29891 -0.574085 2.30641 -0.570336 1 P 0
L 2.30641 -0.570336 2.32141 -0.570336 1 P 0
L 2.32141 -0.570336 2.32891 -0.574085 1 P 0
L 2.32891 -0.574085 2.33265 -0.577835 1 P 0
L 2.33265 -0.577835 2.33641 -0.585334 1 P 0
L 2.33641 -0.585334 2.33641 -0.607831 1 P 0
L 2.33641 -0.607831 2.33265 -0.61533 1 P 0
L 2.33265 -0.61533 2.32891 -0.61908 1 P 0
L 2.32891 -0.61908 2.32141 -0.62283 1 P 0
L 2.32141 -0.62283 2.30641 -0.62283 1 P 0
L 2.30641 -0.62283 2.29891 -0.61908 1 P 0
L 2.3814 -0.62283 2.3739 -0.61908 1 P 0
L 2.3739 -0.61908 2.37015 -0.611581 1 P 0
L 2.37015 -0.611581 2.37015 -0.544089 1 P 0
L 2.44514 -0.62283 2.44514 -0.581585 1 P 0
L 2.44514 -0.581585 2.44139 -0.574085 1 P 0
L 2.44139 -0.574085 2.43389 -0.570336 1 P 0
L 2.43389 -0.570336 2.4189 -0.570336 1 P 0
L 2.4189 -0.570336 2.41139 -0.574085 1 P 0
L 2.44514 -0.61908 2.43764 -0.62283 1 P 0
L 2.43764 -0.62283 2.4189 -0.62283 1 P 0
L 2.4189 -0.62283 2.41139 -0.61908 1 P 0
L 2.41139 -0.61908 2.40765 -0.611581 1 P 0
L 2.40765 -0.611581 2.40765 -0.604082 1 P 0
L 2.40765 -0.604082 2.41139 -0.596583 1 P 0
L 2.41139 -0.596583 2.4189 -0.592833 1 P 0
L 2.4189 -0.592833 2.43764 -0.592833 1 P 0
L 2.43764 -0.592833 2.44514 -0.589084 1 P 0
L 2.47139 -0.570336 2.50138 -0.570336 1 P 0
L 2.48264 -0.544089 2.48264 -0.611581 1 P 0
L 2.48264 -0.611581 2.48639 -0.61908 1 P 0
L 2.48639 -0.61908 2.49388 -0.62283 1 P 0
L 2.49388 -0.62283 2.50138 -0.62283 1 P 0
L 2.55763 -0.61908 2.55013 -0.62283 1 P 0
L 2.55013 -0.62283 2.53513 -0.62283 1 P 0
L 2.53513 -0.62283 2.52763 -0.61908 1 P 0
L 2.52763 -0.61908 2.52388 -0.611581 1 P 0
L 2.52388 -0.611581 2.52388 -0.581585 1 P 0
L 2.52388 -0.581585 2.52763 -0.574085 1 P 0
L 2.52763 -0.574085 2.53513 -0.570336 1 P 0
L 2.53513 -0.570336 2.55013 -0.570336 1 P 0
L 2.55013 -0.570336 2.55763 -0.574085 1 P 0
L 2.55763 -0.574085 2.56138 -0.581585 1 P 0
L 2.56138 -0.581585 2.56138 -0.589084 1 P 0
L 2.56138 -0.589084 2.52388 -0.596583 1 P 0
L 2.62887 -0.62283 2.62887 -0.544089 1 P 0
L 2.62887 -0.61908 2.62137 -0.62283 1 P 0
L 2.62137 -0.62283 2.60637 -0.62283 1 P 0
L 2.60637 -0.62283 2.59887 -0.61908 1 P 0
L 2.59887 -0.61908 2.59512 -0.61533 1 P 0
L 2.59512 -0.61533 2.59137 -0.607831 1 P 0
L 2.59137 -0.607831 2.59137 -0.585334 1 P 0
L 2.59137 -0.585334 2.59512 -0.577835 1 P 0
L 2.59512 -0.577835 2.59887 -0.574085 1 P 0
L 2.59887 -0.574085 2.60637 -0.570336 1 P 0
L 2.60637 -0.570336 2.62137 -0.570336 1 P 0
L 2.62137 -0.570336 2.62887 -0.574085 1 P 0
L 2.65886 -0.652826 2.66261 -0.649076 1 P 0
L 2.66261 -0.649076 2.67011 -0.637828 1 P 0
L 2.67011 -0.637828 2.67386 -0.630328 1 P 0
L 2.67386 -0.630328 2.67761 -0.61908 1 P 0
L 2.67761 -0.61908 2.68136 -0.600332 1 P 0
L 2.68136 -0.600332 2.68136 -0.585334 1 P 0
L 2.68136 -0.585334 2.67761 -0.566587 1 P 0
L 2.67761 -0.566587 2.67386 -0.555338 1 P 0
L 2.67386 -0.555338 2.67011 -0.547839 1 P 0
L 2.67011 -0.547839 2.66261 -0.53659 1 P 0
L 2.66261 -0.53659 2.65886 -0.532841 1 P 0
