#
#Feature symbol names
#
$0 r6.29921
$1 r5
$2 r10
$3 r4.72441


#
#Feature attribute names
#


#
#Layer features
#
L 3.78673 2.45239 3.80922 2.45239 0 P 0
L 3.79797 2.45239 3.79797 2.49176 0 P 0
L 3.79797 2.49176 3.80172 2.48613 0 P 0
L 3.80172 2.48613 3.80547 2.48238 0 P 0
L 3.80547 2.48238 3.80922 2.48051 0 P 0
L 3.77548 2.49176 3.76235 2.45239 0 P 0
L 3.76235 2.45239 3.74923 2.49176 0 P 0
L 3.73986 2.49176 3.71548 2.49176 0 P 0
L 3.71548 2.49176 3.72861 2.47676 0 P 0
L 3.72861 2.47676 3.72298 2.47676 0 P 0
L 3.72298 2.47676 3.71923 2.47489 0 P 0
L 3.71923 2.47489 3.71736 2.47301 0 P 0
L 3.71736 2.47301 3.71548 2.46926 0 P 0
L 3.71548 2.46926 3.71548 2.45989 0 P 0
L 3.71548 2.45989 3.71736 2.45614 0 P 0
L 3.71736 2.45614 3.71923 2.45426 0 P 0
L 3.71923 2.45426 3.72298 2.45239 0 P 0
L 3.72298 2.45239 3.73423 2.45239 0 P 0
L 3.73423 2.45239 3.73798 2.45426 0 P 0
L 3.73798 2.45426 3.73986 2.45614 0 P 0
L 3.67986 2.49176 3.69861 2.49176 0 P 0
L 3.69861 2.49176 3.70049 2.47301 0 P 0
L 3.70049 2.47301 3.69861 2.47489 0 P 0
L 3.69861 2.47489 3.69486 2.47676 0 P 0
L 3.69486 2.47676 3.68549 2.47676 0 P 0
L 3.68549 2.47676 3.68174 2.47489 0 P 0
L 3.68174 2.47489 3.67986 2.47301 0 P 0
L 3.67986 2.47301 3.67799 2.46926 0 P 0
L 3.67799 2.46926 3.67799 2.45989 0 P 0
L 3.67799 2.45989 3.67986 2.45614 0 P 0
L 3.67986 2.45614 3.68174 2.45426 0 P 0
L 3.68174 2.45426 3.68549 2.45239 0 P 0
L 3.68549 2.45239 3.69486 2.45239 0 P 0
L 3.69486 2.45239 3.69861 2.45426 0 P 0
L 3.69861 2.45426 3.70049 2.45614 0 P 0
L 0.695743 2.92286 0.671371 2.92286 0 P 0
L 0.671371 2.92286 0.684495 2.90786 0 P 0
L 0.684495 2.90786 0.67887 2.90786 0 P 0
L 0.67887 2.90786 0.675121 2.90599 0 P 0
L 0.675121 2.90599 0.673246 2.90411 0 P 0
L 0.673246 2.90411 0.671371 2.90036 0 P 0
L 0.671371 2.90036 0.671371 2.89099 0 P 0
L 0.671371 2.89099 0.673246 2.88724 0 P 0
L 0.673246 2.88724 0.675121 2.88537 0 P 0
L 0.675121 2.88537 0.67887 2.88349 0 P 0
L 0.67887 2.88349 0.690119 2.88349 0 P 0
L 0.690119 2.88349 0.693869 2.88537 0 P 0
L 0.693869 2.88537 0.695743 2.88724 0 P 0
L 0.660123 2.92286 0.646999 2.88349 0 P 0
L 0.646999 2.88349 0.633876 2.92286 0 P 0
L 0.624502 2.92286 0.60013 2.92286 0 P 0
L 0.60013 2.92286 0.613254 2.90786 0 P 0
L 0.613254 2.90786 0.607629 2.90786 0 P 0
L 0.607629 2.90786 0.60388 2.90599 0 P 0
L 0.60388 2.90599 0.602005 2.90411 0 P 0
L 0.602005 2.90411 0.60013 2.90036 0 P 0
L 0.60013 2.90036 0.60013 2.89099 0 P 0
L 0.60013 2.89099 0.602005 2.88724 0 P 0
L 0.602005 2.88724 0.60388 2.88537 0 P 0
L 0.60388 2.88537 0.607629 2.88349 0 P 0
L 0.607629 2.88349 0.618878 2.88349 0 P 0
L 0.618878 2.88349 0.622627 2.88537 0 P 0
L 0.622627 2.88537 0.624502 2.88724 0 P 0
L 0.120445 1.93018 0.081075 1.93018 0 P 0
L 0.081075 1.93018 0.081075 1.91518 0 P 0
L 0.081075 1.91518 0.08295 1.91143 0 P 0
L 0.08295 1.91143 0.084824 1.90956 0 P 0
L 0.084824 1.90956 0.088574 1.90768 0 P 0
L 0.088574 1.90768 0.094198 1.90768 0 P 0
L 0.094198 1.90768 0.097948 1.90956 0 P 0
L 0.097948 1.90956 0.099822 1.91143 0 P 0
L 0.099822 1.91143 0.101697 1.91518 0 P 0
L 0.101697 1.91518 0.101697 1.93018 0 P 0
L 0.120445 1.89081 0.081075 1.89081 0 P 0
L 0.081075 1.89081 0.109196 1.87769 0 P 0
L 0.109196 1.87769 0.081075 1.86456 0 P 0
L 0.081075 1.86456 0.120445 1.86456 0 P 0
L 0.081075 1.83832 0.081075 1.83082 0 P 0
L 0.081075 1.83082 0.08295 1.82707 0 P 0
L 0.08295 1.82707 0.086699 1.82332 0 P 0
L 0.086699 1.82332 0.094198 1.82144 0 P 0
L 0.094198 1.82144 0.107322 1.82144 0 P 0
L 0.107322 1.82144 0.114821 1.82332 0 P 0
L 0.114821 1.82332 0.11857 1.82707 0 P 0
L 0.11857 1.82707 0.120445 1.83082 0 P 0
L 0.120445 1.83082 0.120445 1.83832 0 P 0
L 0.120445 1.83832 0.11857 1.84207 0 P 0
L 0.11857 1.84207 0.114821 1.84582 0 P 0
L 0.114821 1.84582 0.107322 1.84769 0 P 0
L 0.107322 1.84769 0.094198 1.84769 0 P 0
L 0.094198 1.84769 0.086699 1.84582 0 P 0
L 0.086699 1.84582 0.08295 1.84207 0 P 0
L 0.08295 1.84207 0.081075 1.83832 0 P 0
L 0.120445 1.80457 0.081075 1.80457 0 P 0
L 0.081075 1.80457 0.081075 1.7952 0 P 0
L 0.081075 1.7952 0.08295 1.78957 0 P 0
L 0.08295 1.78957 0.086699 1.78582 0 P 0
L 0.086699 1.78582 0.090449 1.78395 0 P 0
L 0.090449 1.78395 0.097948 1.78207 0 P 0
L 0.097948 1.78207 0.103572 1.78207 0 P 0
L 0.103572 1.78207 0.111071 1.78395 0 P 0
L 0.111071 1.78395 0.114821 1.78582 0 P 0
L 0.114821 1.78582 0.11857 1.78957 0 P 0
L 0.11857 1.78957 0.120445 1.7952 0 P 0
L 0.120445 1.7952 0.120445 1.80457 0 P 0
L 0.124194 1.77458 0.124194 1.74458 0 P 0
L 0.120445 1.73521 0.081075 1.73521 0 P 0
L 0.081075 1.70896 0.081075 1.70146 0 P 0
L 0.081075 1.70146 0.08295 1.69771 0 P 0
L 0.08295 1.69771 0.086699 1.69396 0 P 0
L 0.086699 1.69396 0.094198 1.69209 0 P 0
L 0.094198 1.69209 0.107322 1.69209 0 P 0
L 0.107322 1.69209 0.114821 1.69396 0 P 0
L 0.114821 1.69396 0.11857 1.69771 0 P 0
L 0.11857 1.69771 0.120445 1.70146 0 P 0
L 0.120445 1.70146 0.120445 1.70896 0 P 0
L 0.120445 1.70896 0.11857 1.71271 0 P 0
L 0.11857 1.71271 0.114821 1.71646 0 P 0
L 0.114821 1.71646 0.107322 1.71833 0 P 0
L 0.107322 1.71833 0.094198 1.71833 0 P 0
L 0.094198 1.71833 0.086699 1.71646 0 P 0
L 0.086699 1.71646 0.08295 1.71271 0 P 0
L 0.08295 1.71271 0.081075 1.70896 0 P 0
L 1.10549 0.711444 1.09237 0.672074 0 P 0
L 1.09237 0.672074 1.07925 0.711444 0 P 0
L 1.06612 0.672074 1.06612 0.711444 0 P 0
L 1.06612 0.711444 1.05675 0.711444 0 P 0
L 1.05675 0.711444 1.05112 0.709569 0 P 0
L 1.05112 0.709569 1.04737 0.705819 0 P 0
L 1.04737 0.705819 1.0455 0.70207 0 P 0
L 1.0455 0.70207 1.04363 0.694571 0 P 0
L 1.04363 0.694571 1.04363 0.688947 0 P 0
L 1.04363 0.688947 1.0455 0.681447 0 P 0
L 1.0455 0.681447 1.04737 0.677698 0 P 0
L 1.04737 0.677698 1.05112 0.673948 0 P 0
L 1.05112 0.673948 1.05675 0.672074 0 P 0
L 1.05675 0.672074 1.06612 0.672074 0 P 0
L 1.02675 0.672074 1.02675 0.711444 0 P 0
L 1.02675 0.711444 1.01738 0.711444 0 P 0
L 1.01738 0.711444 1.01175 0.709569 0 P 0
L 1.01175 0.709569 1.008 0.705819 0 P 0
L 1.008 0.705819 1.00613 0.70207 0 P 0
L 1.00613 0.70207 1.00425 0.694571 0 P 0
L 1.00425 0.694571 1.00425 0.688947 0 P 0
L 1.00425 0.688947 1.00613 0.681447 0 P 0
L 1.00613 0.681447 1.008 0.677698 0 P 0
L 1.008 0.677698 1.01175 0.673948 0 P 0
L 1.01175 0.673948 1.01738 0.672074 0 P 0
L 1.01738 0.672074 1.02675 0.672074 0 P 0
L 0.989257 0.683322 0.970509 0.683322 0 P 0
L 0.993006 0.672074 0.979883 0.711444 0 P 0
L 0.979883 0.711444 0.966759 0.672074 0 P 0
L 2.53423 0.631916 2.52111 0.592546 0 P 0
L 2.52111 0.592546 2.50799 0.631916 0 P 0
L 2.48736 0.631916 2.47986 0.631916 0 P 0
L 2.47986 0.631916 2.47612 0.630041 0 P 0
L 2.47612 0.630041 2.47236 0.626292 0 P 0
L 2.47236 0.626292 2.47049 0.618793 0 P 0
L 2.47049 0.618793 2.47049 0.605669 0 P 0
L 2.47049 0.605669 2.47236 0.59817 0 P 0
L 2.47236 0.59817 2.47612 0.594421 0 P 0
L 2.47612 0.594421 2.47986 0.592546 0 P 0
L 2.47986 0.592546 2.48736 0.592546 0 P 0
L 2.48736 0.592546 2.49111 0.594421 0 P 0
L 2.49111 0.594421 2.49486 0.59817 0 P 0
L 2.49486 0.59817 2.49674 0.605669 0 P 0
L 2.49674 0.605669 2.49674 0.618793 0 P 0
L 2.49674 0.618793 2.49486 0.626292 0 P 0
L 2.49486 0.626292 2.49111 0.630041 0 P 0
L 2.49111 0.630041 2.48736 0.631916 0 P 0
L 2.43112 0.596296 2.433 0.594421 0 P 0
L 2.433 0.594421 2.43862 0.592546 0 P 0
L 2.43862 0.592546 2.44237 0.592546 0 P 0
L 2.44237 0.592546 2.44799 0.594421 0 P 0
L 2.44799 0.594421 2.45174 0.59817 0 P 0
L 2.45174 0.59817 2.45362 0.60192 0 P 0
L 2.45362 0.60192 2.45549 0.609419 0 P 0
L 2.45549 0.609419 2.45549 0.615043 0 P 0
L 2.45549 0.615043 2.45362 0.622542 0 P 0
L 2.45362 0.622542 2.45174 0.626292 0 P 0
L 2.45174 0.626292 2.44799 0.630041 0 P 0
L 2.44799 0.630041 2.44237 0.631916 0 P 0
L 2.44237 0.631916 2.43862 0.631916 0 P 0
L 2.43862 0.631916 2.433 0.630041 0 P 0
L 2.433 0.630041 2.43112 0.628167 0 P 0
L 2.41425 0.592546 2.41425 0.631916 0 P 0
L 2.41425 0.631916 2.40112 0.603795 0 P 0
L 2.40112 0.603795 2.388 0.631916 0 P 0
L 2.388 0.631916 2.388 0.592546 0 P 0
L 3.75358 0.87916 3.75358 0.851039 0 P 0
L 3.75358 0.851039 3.75545 0.845414 0 P 0
L 3.75545 0.845414 3.7592 0.841665 0 P 0
L 3.7592 0.841665 3.76483 0.83979 0 P 0
L 3.76483 0.83979 3.76858 0.83979 0 P 0
L 3.74046 0.87916 3.71796 0.87916 0 P 0
L 3.72921 0.83979 3.72921 0.87916 0 P 0
L 3.70671 0.851039 3.68796 0.851039 0 P 0
L 3.71046 0.83979 3.69734 0.87916 0 P 0
L 3.69734 0.87916 3.68421 0.83979 0 P 0
L 3.65047 0.877285 3.65422 0.87916 0 P 0
L 3.65422 0.87916 3.65984 0.87916 0 P 0
L 3.65984 0.87916 3.66547 0.877285 0 P 0
L 3.66547 0.877285 3.66921 0.873536 0 P 0
L 3.66921 0.873536 3.67109 0.869786 0 P 0
L 3.67109 0.869786 3.67297 0.862287 0 P 0
L 3.67297 0.862287 3.67297 0.856663 0 P 0
L 3.67297 0.856663 3.67109 0.849164 0 P 0
L 3.67109 0.849164 3.66921 0.845414 0 P 0
L 3.66921 0.845414 3.66547 0.841665 0 P 0
L 3.66547 0.841665 3.65984 0.83979 0 P 0
L 3.65984 0.83979 3.65609 0.83979 0 P 0
L 3.65609 0.83979 3.65047 0.841665 0 P 0
L 3.65047 0.841665 3.64859 0.84354 0 P 0
L 3.64859 0.84354 3.64859 0.856663 0 P 0
L 3.64859 0.856663 3.65609 0.856663 0 P 0
L 2.88949 1.74687 2.85012 1.75999 0 P 0
L 2.85012 1.75999 2.88949 1.77312 0 P 0
L 2.88949 1.80311 2.88949 1.79561 0 P 0
L 2.88949 1.79561 2.88761 1.79186 0 P 0
L 2.88761 1.79186 2.88574 1.78999 0 P 0
L 2.88574 1.78999 2.88011 1.78624 0 P 0
L 2.88011 1.78624 2.87261 1.78436 0 P 0
L 2.87261 1.78436 2.85762 1.78436 0 P 0
L 2.85762 1.78436 2.85387 1.78624 0 P 0
L 2.85387 1.78624 2.85199 1.78811 0 P 0
L 2.85199 1.78811 2.85012 1.79186 0 P 0
L 2.85012 1.79186 2.85012 1.79936 0 P 0
L 2.85012 1.79936 2.85199 1.80311 0 P 0
L 2.85199 1.80311 2.85387 1.80499 0 P 0
L 2.85387 1.80499 2.85762 1.80686 0 P 0
L 2.85762 1.80686 2.86699 1.80686 0 P 0
L 2.86699 1.80686 2.87074 1.80499 0 P 0
L 2.87074 1.80499 2.87261 1.80311 0 P 0
L 2.87261 1.80311 2.87449 1.79936 0 P 0
L 2.87449 1.79936 2.87449 1.79186 0 P 0
L 2.87449 1.79186 2.87261 1.78811 0 P 0
L 2.87261 1.78811 2.87074 1.78624 0 P 0
L 2.87074 1.78624 2.86699 1.78436 0 P 0
L 2.88949 1.81998 2.88949 1.84623 0 P 0
L 2.88949 1.84623 2.85012 1.82936 0 P 0
L 2.88949 1.87998 2.88949 1.86123 0 P 0
L 2.88949 1.86123 2.87074 1.85935 0 P 0
L 2.87074 1.85935 2.87261 1.86123 0 P 0
L 2.87261 1.86123 2.87449 1.86498 0 P 0
L 2.87449 1.86498 2.87449 1.87435 0 P 0
L 2.87449 1.87435 2.87261 1.8781 0 P 0
L 2.87261 1.8781 2.87074 1.87998 0 P 0
L 2.87074 1.87998 2.86699 1.88185 0 P 0
L 2.86699 1.88185 2.85762 1.88185 0 P 0
L 2.85762 1.88185 2.85387 1.87998 0 P 0
L 2.85387 1.87998 2.85199 1.8781 0 P 0
L 2.85199 1.8781 2.85012 1.87435 0 P 0
L 2.85012 1.87435 2.85012 1.86498 0 P 0
L 2.85012 1.86498 2.85199 1.86123 0 P 0
L 2.85199 1.86123 2.85387 1.85935 0 P 0
L 0.127138 1.31719 0.087768 1.31719 0 P 0
L 0.087768 1.31719 0.087768 1.30219 0 P 0
L 0.087768 1.30219 0.089642 1.29844 0 P 0
L 0.089642 1.29844 0.091517 1.29657 0 P 0
L 0.091517 1.29657 0.095267 1.29469 0 P 0
L 0.095267 1.29469 0.100891 1.29469 0 P 0
L 0.100891 1.29469 0.104641 1.29657 0 P 0
L 0.104641 1.29657 0.106515 1.29844 0 P 0
L 0.106515 1.29844 0.10839 1.30219 0 P 0
L 0.10839 1.30219 0.10839 1.31719 0 P 0
L 0.127138 1.27782 0.087768 1.27782 0 P 0
L 0.087768 1.27782 0.115889 1.2647 0 P 0
L 0.115889 1.2647 0.087768 1.25157 0 P 0
L 0.087768 1.25157 0.127138 1.25157 0 P 0
L 0.087768 1.22533 0.087768 1.21783 0 P 0
L 0.087768 1.21783 0.089642 1.21408 0 P 0
L 0.089642 1.21408 0.093392 1.21033 0 P 0
L 0.093392 1.21033 0.100891 1.20845 0 P 0
L 0.100891 1.20845 0.114014 1.20845 0 P 0
L 0.114014 1.20845 0.121513 1.21033 0 P 0
L 0.121513 1.21033 0.125263 1.21408 0 P 0
L 0.125263 1.21408 0.127138 1.21783 0 P 0
L 0.127138 1.21783 0.127138 1.22533 0 P 0
L 0.127138 1.22533 0.125263 1.22907 0 P 0
L 0.125263 1.22907 0.121513 1.23282 0 P 0
L 0.121513 1.23282 0.114014 1.2347 0 P 0
L 0.114014 1.2347 0.100891 1.2347 0 P 0
L 0.100891 1.2347 0.093392 1.23282 0 P 0
L 0.093392 1.23282 0.089642 1.22907 0 P 0
L 0.089642 1.22907 0.087768 1.22533 0 P 0
L 0.127138 1.19158 0.087768 1.19158 0 P 0
L 0.087768 1.19158 0.087768 1.18221 0 P 0
L 0.087768 1.18221 0.089642 1.17658 0 P 0
L 0.089642 1.17658 0.093392 1.17283 0 P 0
L 0.093392 1.17283 0.097142 1.17096 0 P 0
L 0.097142 1.17096 0.104641 1.16908 0 P 0
L 0.104641 1.16908 0.110265 1.16908 0 P 0
L 0.110265 1.16908 0.117764 1.17096 0 P 0
L 0.117764 1.17096 0.121513 1.17283 0 P 0
L 0.121513 1.17283 0.125263 1.17658 0 P 0
L 0.125263 1.17658 0.127138 1.18221 0 P 0
L 0.127138 1.18221 0.127138 1.19158 0 P 0
L 0.130887 1.16158 0.130887 1.13159 0 P 0
L 0.130887 1.09597 0.129013 1.09972 0 P 0
L 0.129013 1.09972 0.125263 1.10347 0 P 0
L 0.125263 1.10347 0.119639 1.10909 0 P 0
L 0.119639 1.10909 0.117764 1.11284 0 P 0
L 0.117764 1.11284 0.117764 1.11659 0 P 0
L 0.127138 1.11471 0.125263 1.11846 0 P 0
L 0.125263 1.11846 0.121513 1.12221 0 P 0
L 0.121513 1.12221 0.114014 1.12409 0 P 0
L 0.114014 1.12409 0.100891 1.12409 0 P 0
L 0.100891 1.12409 0.093392 1.12221 0 P 0
L 0.093392 1.12221 0.089642 1.11846 0 P 0
L 0.089642 1.11846 0.087768 1.11471 0 P 0
L 0.087768 1.11471 0.087768 1.10722 0 P 0
L 0.087768 1.10722 0.089642 1.10347 0 P 0
L 0.089642 1.10347 0.093392 1.09972 0 P 0
L 0.093392 1.09972 0.100891 1.09784 0 P 0
L 0.100891 1.09784 0.114014 1.09784 0 P 0
L 0.114014 1.09784 0.121513 1.09972 0 P 0
L 0.121513 1.09972 0.125263 1.10347 0 P 0
L 0.125263 1.10347 0.127138 1.10722 0 P 0
L 0.127138 1.10722 0.127138 1.11471 0 P 0
L 0.125263 1.08284 0.127138 1.07722 0 P 0
L 0.127138 1.07722 0.127138 1.06785 0 P 0
L 0.127138 1.06785 0.125263 1.0641 0 P 0
L 0.125263 1.0641 0.123388 1.06222 0 P 0
L 0.123388 1.06222 0.119639 1.06035 0 P 0
L 0.119639 1.06035 0.115889 1.06035 0 P 0
L 0.115889 1.06035 0.11214 1.06222 0 P 0
L 0.11214 1.06222 0.110265 1.0641 0 P 0
L 0.110265 1.0641 0.10839 1.06785 0 P 0
L 0.10839 1.06785 0.106515 1.07534 0 P 0
L 0.106515 1.07534 0.104641 1.07909 0 P 0
L 0.104641 1.07909 0.102766 1.08097 0 P 0
L 0.102766 1.08097 0.099016 1.08284 0 P 0
L 0.099016 1.08284 0.095267 1.08284 0 P 0
L 0.095267 1.08284 0.091517 1.08097 0 P 0
L 0.091517 1.08097 0.089642 1.07909 0 P 0
L 0.089642 1.07909 0.087768 1.07534 0 P 0
L 0.087768 1.07534 0.087768 1.06597 0 P 0
L 0.087768 1.06597 0.089642 1.06035 0 P 0
L 0.127138 1.04347 0.087768 1.04347 0 P 0
L 0.087768 1.04347 0.087768 1.02848 0 P 0
L 0.087768 1.02848 0.089642 1.02473 0 P 0
L 0.089642 1.02473 0.091517 1.02285 0 P 0
L 0.091517 1.02285 0.095267 1.02098 0 P 0
L 0.095267 1.02098 0.100891 1.02098 0 P 0
L 0.100891 1.02098 0.104641 1.02285 0 P 0
L 0.104641 1.02285 0.106515 1.02473 0 P 0
L 0.106515 1.02473 0.10839 1.02848 0 P 0
L 0.10839 1.02848 0.10839 1.04347 0 P 0
L 0.127138 1.0041 0.087768 1.0041 0 P 0
L 1.45174 0.493165 1.433 0.493165 0 P 0
L 1.45549 0.481916 1.44237 0.521286 0 P 0
L 1.44237 0.521286 1.42924 0.481916 0 P 0
L 1.41612 0.481916 1.41612 0.521286 0 P 0
L 1.41612 0.521286 1.40675 0.521286 0 P 0
L 1.40675 0.521286 1.40112 0.519411 0 P 0
L 1.40112 0.519411 1.39737 0.515662 0 P 0
L 1.39737 0.515662 1.3955 0.511912 0 P 0
L 1.3955 0.511912 1.39362 0.504413 0 P 0
L 1.39362 0.504413 1.39362 0.498789 0 P 0
L 1.39362 0.498789 1.3955 0.49129 0 P 0
L 1.3955 0.49129 1.39737 0.48754 0 P 0
L 1.39737 0.48754 1.40112 0.483791 0 P 0
L 1.40112 0.483791 1.40675 0.481916 0 P 0
L 1.40675 0.481916 1.41612 0.481916 0 P 0
L 1.35425 0.485666 1.35613 0.483791 0 P 0
L 1.35613 0.483791 1.36175 0.481916 0 P 0
L 1.36175 0.481916 1.3655 0.481916 0 P 0
L 1.3655 0.481916 1.37113 0.483791 0 P 0
L 1.37113 0.483791 1.37488 0.48754 0 P 0
L 1.37488 0.48754 1.37675 0.49129 0 P 0
L 1.37675 0.49129 1.37863 0.498789 0 P 0
L 1.37863 0.498789 1.37863 0.504413 0 P 0
L 1.37863 0.504413 1.37675 0.511912 0 P 0
L 1.37675 0.511912 1.37488 0.515662 0 P 0
L 1.37488 0.515662 1.37113 0.519411 0 P 0
L 1.37113 0.519411 1.3655 0.521286 0 P 0
L 1.3655 0.521286 1.36175 0.521286 0 P 0
L 1.36175 0.521286 1.35613 0.519411 0 P 0
L 1.35613 0.519411 1.35425 0.517537 0 P 0
L 1.34676 0.478167 1.31676 0.478167 0 P 0
L 1.30926 0.483791 1.30364 0.481916 0 P 0
L 1.30364 0.481916 1.29426 0.481916 0 P 0
L 1.29426 0.481916 1.29051 0.483791 0 P 0
L 1.29051 0.483791 1.28864 0.485666 0 P 0
L 1.28864 0.485666 1.28676 0.489415 0 P 0
L 1.28676 0.489415 1.28676 0.493165 0 P 0
L 1.28676 0.493165 1.28864 0.496914 0 P 0
L 1.28864 0.496914 1.29051 0.498789 0 P 0
L 1.29051 0.498789 1.29426 0.500664 0 P 0
L 1.29426 0.500664 1.30176 0.502539 0 P 0
L 1.30176 0.502539 1.30551 0.504413 0 P 0
L 1.30551 0.504413 1.30739 0.506288 0 P 0
L 1.30739 0.506288 1.30926 0.510038 0 P 0
L 1.30926 0.510038 1.30926 0.513787 0 P 0
L 1.30926 0.513787 1.30739 0.517537 0 P 0
L 1.30739 0.517537 1.30551 0.519411 0 P 0
L 1.30551 0.519411 1.30176 0.521286 0 P 0
L 1.30176 0.521286 1.29239 0.521286 0 P 0
L 1.29239 0.521286 1.28676 0.519411 0 P 0
L 1.27364 0.521286 1.26427 0.481916 0 P 0
L 1.26427 0.481916 1.25677 0.510038 0 P 0
L 1.25677 0.510038 1.24927 0.481916 0 P 0
L 1.24927 0.481916 1.23989 0.521286 0 P 0
L 1.21415 1.00613 1.20103 0.966759 0 P 0
L 1.20103 0.966759 1.18791 1.00613 0 P 0
L 1.16728 1.00613 1.15978 1.00613 0 P 0
L 1.15978 1.00613 1.15604 1.00425 0 P 0
L 1.15604 1.00425 1.15229 1.0005 0 P 0
L 1.15229 1.0005 1.15041 0.993005 0 P 0
L 1.15041 0.993005 1.15041 0.979882 0 P 0
L 1.15041 0.979882 1.15229 0.972383 0 P 0
L 1.15229 0.972383 1.15604 0.968633 0 P 0
L 1.15604 0.968633 1.15978 0.966759 0 P 0
L 1.15978 0.966759 1.16728 0.966759 0 P 0
L 1.16728 0.966759 1.17103 0.968633 0 P 0
L 1.17103 0.968633 1.17478 0.972383 0 P 0
L 1.17478 0.972383 1.17666 0.979882 0 P 0
L 1.17666 0.979882 1.17666 0.993005 0 P 0
L 1.17666 0.993005 1.17478 1.0005 0 P 0
L 1.17478 1.0005 1.17103 1.00425 0 P 0
L 1.17103 1.00425 1.16728 1.00613 0 P 0
L 1.11104 0.970508 1.11292 0.968633 0 P 0
L 1.11292 0.968633 1.11854 0.966759 0 P 0
L 1.11854 0.966759 1.12229 0.966759 0 P 0
L 1.12229 0.966759 1.12791 0.968633 0 P 0
L 1.12791 0.968633 1.13166 0.972383 0 P 0
L 1.13166 0.972383 1.13354 0.976133 0 P 0
L 1.13354 0.976133 1.13541 0.983632 0 P 0
L 1.13541 0.983632 1.13541 0.989256 0 P 0
L 1.13541 0.989256 1.13354 0.996755 0 P 0
L 1.13354 0.996755 1.13166 1.0005 0 P 0
L 1.13166 1.0005 1.12791 1.00425 0 P 0
L 1.12791 1.00425 1.12229 1.00613 0 P 0
L 1.12229 1.00613 1.11854 1.00613 0 P 0
L 1.11854 1.00613 1.11292 1.00425 0 P 0
L 1.11292 1.00425 1.11104 1.00238 0 P 0
L 1.09417 0.966759 1.09417 1.00613 0 P 0
L 1.09417 1.00613 1.08105 0.978007 0 P 0
L 1.08105 0.978007 1.06792 1.00613 0 P 0
L 1.06792 1.00613 1.06792 0.966759 0 P 0
L 1.05855 0.963009 1.02855 0.963009 0 P 0
L 0.996681 0.966759 1.0098 0.985506 0 P 0
L 1.01918 0.966759 1.01918 1.00613 0 P 0
L 1.01918 1.00613 1.00418 1.00613 0 P 0
L 1.00418 1.00613 1.00043 1.00425 0 P 0
L 1.00043 1.00425 0.998555 1.00238 0 P 0
L 0.998555 1.00238 0.996681 0.99863 0 P 0
L 0.996681 0.99863 0.996681 0.993005 0 P 0
L 0.996681 0.993005 0.998555 0.989256 0 P 0
L 0.998555 0.989256 1.00043 0.987381 0 P 0
L 1.00043 0.987381 1.00418 0.985506 0 P 0
L 1.00418 0.985506 1.01918 0.985506 0 P 0
L 0.979808 0.987381 0.966684 0.987381 0 P 0
L 0.96106 0.966759 0.979808 0.966759 0 P 0
L 0.979808 0.966759 0.979808 1.00613 0 P 0
L 0.979808 1.00613 0.96106 1.00613 0 P 0
L 0.931064 0.987381 0.944187 0.987381 0 P 0
L 0.944187 0.966759 0.944187 1.00613 0 P 0
L 0.944187 1.00613 0.92544 1.00613 0 P 0
L 0.078019 3.54387 0.079894 3.53824 0 P 0
L 0.079894 3.53824 0.079894 3.52887 0 P 0
L 0.079894 3.52887 0.078019 3.52512 0 P 0
L 0.078019 3.52512 0.076144 3.52324 0 P 0
L 0.076144 3.52324 0.072395 3.52137 0 P 0
L 0.072395 3.52137 0.068645 3.52137 0 P 0
L 0.068645 3.52137 0.064896 3.52324 0 P 0
L 0.064896 3.52324 0.063021 3.52512 0 P 0
L 0.063021 3.52512 0.061146 3.52887 0 P 0
L 0.061146 3.52887 0.059271 3.53637 0 P 0
L 0.059271 3.53637 0.057397 3.54012 0 P 0
L 0.057397 3.54012 0.055522 3.54199 0 P 0
L 0.055522 3.54199 0.051772 3.54387 0 P 0
L 0.051772 3.54387 0.048023 3.54387 0 P 0
L 0.048023 3.54387 0.044273 3.54199 0 P 0
L 0.044273 3.54199 0.042398 3.54012 0 P 0
L 0.042398 3.54012 0.040524 3.53637 0 P 0
L 0.040524 3.53637 0.040524 3.52699 0 P 0
L 0.040524 3.52699 0.042398 3.52137 0 P 0
L 0.079894 3.5045 0.040524 3.5045 0 P 0
L 0.042398 3.46513 0.040524 3.46888 0 P 0
L 0.040524 3.46888 0.040524 3.4745 0 P 0
L 0.040524 3.4745 0.042398 3.48012 0 P 0
L 0.042398 3.48012 0.046148 3.48387 0 P 0
L 0.046148 3.48387 0.049897 3.48575 0 P 0
L 0.049897 3.48575 0.057397 3.48762 0 P 0
L 0.057397 3.48762 0.063021 3.48762 0 P 0
L 0.063021 3.48762 0.07052 3.48575 0 P 0
L 0.07052 3.48575 0.074269 3.48387 0 P 0
L 0.074269 3.48387 0.078019 3.48012 0 P 0
L 0.078019 3.48012 0.079894 3.4745 0 P 0
L 0.079894 3.4745 0.079894 3.47075 0 P 0
L 0.079894 3.47075 0.078019 3.46513 0 P 0
L 0.078019 3.46513 0.076144 3.46325 0 P 0
L 0.076144 3.46325 0.063021 3.46325 0 P 0
L 0.063021 3.46325 0.063021 3.47075 0 P 0
L 0.076144 3.42388 0.078019 3.42576 0 P 0
L 0.078019 3.42576 0.079894 3.43138 0 P 0
L 0.079894 3.43138 0.079894 3.43513 0 P 0
L 0.079894 3.43513 0.078019 3.44075 0 P 0
L 0.078019 3.44075 0.074269 3.4445 0 P 0
L 0.074269 3.4445 0.07052 3.44638 0 P 0
L 0.07052 3.44638 0.063021 3.44825 0 P 0
L 0.063021 3.44825 0.057397 3.44825 0 P 0
L 0.057397 3.44825 0.049897 3.44638 0 P 0
L 0.049897 3.44638 0.046148 3.4445 0 P 0
L 0.046148 3.4445 0.042398 3.44075 0 P 0
L 0.042398 3.44075 0.040524 3.43513 0 P 0
L 0.040524 3.43513 0.040524 3.43138 0 P 0
L 0.040524 3.43138 0.042398 3.42576 0 P 0
L 0.042398 3.42576 0.044273 3.42388 0 P 0
L 0.040524 3.39951 0.040524 3.39201 0 P 0
L 0.040524 3.39201 0.042398 3.38826 0 P 0
L 0.042398 3.38826 0.046148 3.38451 0 P 0
L 0.046148 3.38451 0.053647 3.38264 0 P 0
L 0.053647 3.38264 0.06677 3.38264 0 P 0
L 0.06677 3.38264 0.074269 3.38451 0 P 0
L 0.074269 3.38451 0.078019 3.38826 0 P 0
L 0.078019 3.38826 0.079894 3.39201 0 P 0
L 0.079894 3.39201 0.079894 3.39951 0 P 0
L 0.079894 3.39951 0.078019 3.40326 0 P 0
L 0.078019 3.40326 0.074269 3.40701 0 P 0
L 0.074269 3.40701 0.06677 3.40888 0 P 0
L 0.06677 3.40888 0.053647 3.40888 0 P 0
L 0.053647 3.40888 0.046148 3.40701 0 P 0
L 0.046148 3.40701 0.042398 3.40326 0 P 0
L 0.042398 3.40326 0.040524 3.39951 0 P 0
L 0.079894 3.36576 0.040524 3.36576 0 P 0
L 0.040524 3.36576 0.079894 3.34327 0 P 0
L 0.079894 3.34327 0.040524 3.34327 0 P 0
L 2.50079 0.994881 2.50079 0.985826 1 P 0
L 2.50079 0.889763 2.50079 0.880707 1 P 0
L 2.50079 0.880707 2.65827 0.880707 1 P 0
L 2.65827 0.994881 2.50079 0.994881 1 P 0
L 2.65827 0.994881 2.65827 0.985826 1 P 0
L 2.65827 0.880707 2.65827 0.889763 1 P 0
L 1.04306 3.43071 1.06363 3.43071 3 P 0
L 1.04306 3.37283 1.06363 3.37283 3 P 0
L 1.32854 3.5234 1.32854 3.53447 3 P 0
L 1.3687 3.5234 1.3687 3.53447 3 P 0
L 1.71693 0.960629 1.71693 0.881889 3 P 0
L 1.71693 0.881889 1.82716 0.881889 3 P 0
L 1.82716 0.960629 1.71693 0.960629 3 P 0
L 1.82716 0.881889 1.82716 0.960629 3 P 0
L 0.088583 3.13897 0.088583 3.12992 1 P 0
L 0.088583 3.0248 0.088583 3.03386 1 P 0
L 0.088583 3.0248 0.246063 3.0248 1 P 0
L 0.246063 3.13897 0.088583 3.13897 1 P 0
L 0.246063 3.12992 0.246063 3.13897 1 P 0
L 0.246063 3.0248 0.246063 3.03386 1 P 0
L 0.151476 2.19438 0.151476 2.1757 3 P 0
L 0.192618 2.19438 0.192618 2.1757 3 P 0
L 1.92921 0.54055 1.94028 0.54055 3 P 0
L 1.92921 0.500392 1.94028 0.500392 3 P 0
L 2.00354 3.49525 2.00354 3.50632 3 P 0
L 2.0437 3.49525 2.0437 3.50632 3 P 0
L 0.930315 2.77902 0.930315 2.79184 3 P 0
L 0.970472 2.77902 0.970472 2.79184 3 P 0
L 3.78611 3.37913 3.79893 3.37913 3 P 0
L 3.78611 3.33898 3.79893 3.33898 3 P 0
L 3.28888 0.706506 3.28888 0.726563 3 P 0
L 3.33002 0.706506 3.33002 0.726563 3 P 0
A 3.84763800 2.58346300 3.72952800 2.58346300 3.78858300 2.58346300 3 P 0 Y
A 3.72952800 2.58346300 3.84763800 2.58346300 3.78858300 2.58346300 3 P 0 Y
A 3.04024600 1.81850300 2.92213600 1.81850300 2.98119100 1.81850300 3 P 0 Y
A 2.92213600 1.81850300 3.04024600 1.81850300 2.98119100 1.81850300 3 P 0 Y
A 1.10354300 3.21377800 1.00905500 3.21377800 1.05629900 3.21377800 3 P 0 Y
A 1.00905500 3.21377800 1.10354300 3.21377800 1.05629900 3.21377800 3 P 0 Y
L 3.52351 2.76191 3.50483 2.76191 3 P 0
L 3.52351 2.72077 3.50483 2.72077 3 P 0
L 1.91634 1.17294 1.91634 1.16013 3 P 0
L 1.9565 1.17294 1.9565 1.16013 3 P 0
L 3.70591 3.28071 3.78465 3.28071 3 P 0
L 3.70591 2.91063 3.78465 2.91063 3 P 0
L 3.85945 3.28071 3.90551 3.28071 3 P 0
L 3.85945 2.91063 3.90551 2.91063 3 P 0
L 3.55591 3.49575 3.55591 3.50424 3 P 0
L 3.58425 3.49575 3.58425 3.50424 3 P 0
L 2.99449 2.2232 2.99449 2.23427 3 P 0
L 3.03465 2.2232 3.03465 2.23427 3 P 0
L 1.74584 1.10787 1.75691 1.10787 3 P 0
L 1.74584 1.06771 1.75691 1.06771 3 P 0
L 0.990158 2.79136 0.990158 2.78029 3 P 0
L 1.03031 2.79136 1.03031 2.78029 3 P 0
L 2.20286 3.6749 2.22155 3.6749 3 P 0
L 2.20286 3.63376 2.22155 3.63376 3 P 0
L 1.35236 2.5286 1.35236 2.54069 3 P 0
L 1.38228 2.5286 1.38228 2.54069 3 P 0
L 1.97392 1.05658 1.97392 1.0379 3 P 0
L 2.01506 1.05658 2.01506 1.0379 3 P 0
L 3.51446 3.0312 3.49578 3.0312 3 P 0
L 3.51446 2.99006 3.49578 2.99006 3 P 0
L 1.09685 2.70576 1.09685 2.71786 3 P 0
L 1.12677 2.70576 1.12677 2.71786 3 P 0
L 0.681102 0.757626 0.681102 0.769143 3 P 0
L 0.72126 0.757626 0.72126 0.769143 3 P 0
L 3.33593 3.48916 3.33593 3.49765 3 P 0
L 3.36427 3.48916 3.36427 3.49765 3 P 0
L 3.69724 1.28464 3.65787 1.28464 3 P 0
L 3.69724 1.15236 3.65787 1.15236 3 P 0
L 0.229384 1.07244 0.241482 1.07244 3 P 0
L 0.229384 1.04252 0.241482 1.04252 3 P 0
L 1.15394 2.73543 1.15394 2.84016 3 P 0
L 1.22087 2.73543 1.15394 2.73543 3 P 0
L 1.22087 2.73543 1.22087 2.84016 3 P 0
L 0.206693 1.41181 0.246063 1.41181 3 P 0
L 0.206693 1.27953 0.246063 1.27953 3 P 0
L 1.70157 0.454423 1.70157 0.467622 3 P 0
L 1.7315 0.454423 1.7315 0.467622 3 P 0
L 1.47638 2.76769 1.47638 2.77876 3 P 0
L 1.51653 2.76769 1.51653 2.77876 3 P 0
L 1.78041 2.81074 1.78041 2.82942 3 P 0
L 1.82155 2.81074 1.82155 2.82942 3 P 0
L 1.17697 3.61113 1.17697 3.60264 3 P 0
L 1.20531 3.61113 1.20531 3.60264 3 P 0
L 1.3369 2.80994 1.31822 2.80994 3 P 0
L 1.3369 2.7688 1.31822 2.7688 3 P 0
L 3.69655 0.533955 3.67786 0.533955 3 P 0
L 3.69655 0.492814 3.67786 0.492814 3 P 0
L 0.780807 2.58167 0.780807 2.59274 3 P 0
L 0.820965 2.58167 0.820965 2.59274 3 P 0
L 3.69655 0.354822 3.67786 0.354822 3 P 0
L 3.69655 0.31368 3.67786 0.31368 3 P 0
L 1.40809 2.73149 1.39702 2.73149 3 P 0
L 1.40809 2.69134 1.39702 2.69134 3 P 0
L 3.61643 3.37018 3.59775 3.37018 3 P 0
L 3.61643 3.32903 3.59775 3.32903 3 P 0
L 1.98504 2.17668 1.98504 2.16819 3 P 0
L 2.01339 2.17668 2.01339 2.16819 3 P 0
L 2.04173 1.01968 2.04173 0.940944 3 P 0
L 2.04173 0.940944 2.15197 0.940944 3 P 0
L 2.15197 1.01968 2.04173 1.01968 3 P 0
L 2.15197 0.940944 2.15197 1.01968 3 P 0
L 1.82292 2.53386 1.83141 2.53386 3 P 0
L 1.82292 2.50551 1.83141 2.50551 3 P 0
L 1.61173 2.30945 1.60323 2.30945 3 P 0
L 1.61173 2.2811 1.60323 2.2811 3 P 0
L 3.5068 2.82333 3.52548 2.82333 3 P 0
L 3.5068 2.78218 3.52548 2.78218 3 P 0
L 1.25315 2.50118 1.29252 2.50118 3 P 0
L 1.25315 2.3689 1.29252 2.3689 3 P 0
L 2.04173 1.12205 2.04173 1.04331 3 P 0
L 2.04173 1.04331 2.15197 1.04331 3 P 0
L 2.15197 1.12205 2.04173 1.12205 3 P 0
L 2.15197 1.04331 2.15197 1.12205 3 P 0
L 3.57647 0.533955 3.55778 0.533955 3 P 0
L 3.57647 0.492814 3.55778 0.492814 3 P 0
L 1.65582 2.53897 1.64733 2.53897 3 P 0
L 1.65582 2.51063 1.64733 2.51063 3 P 0
L 1.8624 3.32311 1.8624 3.30523 3 P 0
L 1.92028 3.32311 1.92028 3.30523 3 P 0
L 1.65335 3.55096 1.65335 3.56203 3 P 0
L 1.6935 3.55096 1.6935 3.56203 3 P 0
L 3.27708 3.02913 3.26859 3.02913 3 P 0
L 3.27708 3.00079 3.26859 3.00079 3 P 0
L 0.142815 2.49735 0.142815 2.51603 3 P 0
L 0.183957 2.49735 0.183957 2.51603 3 P 0
L 0.790748 1.47992 0.801378 1.47992 3 P 0
L 0.790748 1.37126 0.790748 1.47992 3 P 0
L 0.790748 1.37126 0.790748 1.2626 3 P 0
L 0.790748 1.2626 0.801378 1.2626 3 P 0
L 1.00807 1.47992 0.997441 1.47992 3 P 0
L 1.00807 1.37126 1.00807 1.47992 3 P 0
L 1.00807 1.37126 1.00807 1.2626 3 P 0
L 1.00807 1.2626 0.997441 1.2626 3 P 0
L 0.801378 1.51004 0.788386 1.50059 3 P 0
L 0.788386 1.50059 0.788386 1.51949 3 P 0
L 0.788386 1.51949 0.801378 1.51004 3 P 0
L 3.01801 0.570465 3.02063 0.570465 2 P 0
L 3.01801 0.549244 3.01801 0.570465 2 P 0
L 3.01801 0.549244 3.01801 0.491685 2 P 0
L 3.01801 0.470465 3.01801 0.491685 2 P 0
L 3.02063 0.470465 3.01801 0.470465 2 P 0
L 3.12543 0.570465 3.12805 0.570465 2 P 0
L 3.12805 0.570465 3.12805 0.549244 2 P 0
L 3.12805 0.491685 3.12805 0.470465 2 P 0
L 3.12805 0.470465 3.12543 0.470465 2 P 0
A 3.09539400 0.52046500 3.05066900 0.52046500 3.07303200 0.52046500 2 P 0 Y
A 3.05066900 0.52046500 3.09539400 0.52046500 3.07303200 0.52046500 2 P 0 Y
L 0.765551 0.856298 0.768169 0.856298 2 P 0
L 0.765551 0.835078 0.765551 0.856298 2 P 0
L 0.765551 0.756298 0.765551 0.777518 2 P 0
L 0.768169 0.756298 0.765551 0.756298 2 P 0
L 0.872972 0.856298 0.875591 0.856298 2 P 0
L 0.875591 0.856298 0.875591 0.835078 2 P 0
L 0.875591 0.777518 0.875591 0.835078 2 P 0
L 0.875591 0.777518 0.875591 0.756298 2 P 0
L 0.875591 0.756298 0.872972 0.756298 2 P 0
A 0.84293300 0.80629800 0.79820900 0.80629800 0.82057100 0.80629800 2 P 0 Y
A 0.79820900 0.80629800 0.84293300 0.80629800 0.82057100 0.80629800 2 P 0 Y
L 0.857395 3.58268 0.848904 3.58268 3 P 0
L 0.857395 3.55433 0.848904 3.55433 3 P 0
L 3.45462 2.92655 3.43593 2.92655 3 P 0
L 3.45462 2.88541 3.43593 2.88541 3 P 0
L 0.139961 3.00492 0.229921 3.00492 3 P 0
L 0.139961 2.94705 0.139961 3.00492 3 P 0
L 0.229921 2.94705 0.139961 2.94705 3 P 0
L 1.14921 2.51144 1.14921 2.50037 3 P 0
L 1.18937 2.51144 1.18937 2.50037 3 P 0
L 1.91142 1.05179 1.91142 1.04072 3 P 0
L 1.95157 1.05179 1.95157 1.04072 3 P 0
L 1.99385 3.42992 2.01442 3.42992 3 P 0
L 1.99385 3.37205 2.01442 3.37205 3 P 0
L 1.83268 1.15625 1.83268 1.17682 3 P 0
L 1.89055 1.15625 1.89055 1.17682 3 P 0
L 1.55354 1.08268 1.55354 1.00394 3 P 0
L 1.55354 1.00394 1.66378 1.00394 3 P 0
L 1.66378 1.08268 1.55354 1.08268 3 P 0
L 1.66378 1.00394 1.66378 1.08268 3 P 0
L 3.39105 3.70207 3.40973 3.70207 3 P 0
L 3.39105 3.66092 3.40973 3.66092 3 P 0
L 0.214567 1.22913 0.253937 1.22913 3 P 0
L 0.214567 1.09685 0.253937 1.09685 3 P 0
L 1.97392 0.936111 1.97392 0.91743 3 P 0
L 2.01506 0.936111 2.01506 0.91743 3 P 0
L 0.867073 3.62283 0.854975 3.62283 3 P 0
L 0.867073 3.59291 0.854975 3.59291 3 P 0
L 0.766929 2.40729 0.766929 2.39448 3 P 0
L 0.807087 2.40729 0.807087 2.39448 3 P 0
L 3.17519 1.76111 3.17519 1.74243 3 P 0
L 3.21633 1.76111 3.21633 1.74243 3 P 0
L 0.683071 0.592272 0.683071 0.603789 3 P 0
L 0.723228 0.592272 0.723228 0.603789 3 P 0
L 3.55877 0.354822 3.57745 0.354822 3 P 0
L 3.55877 0.31368 3.57745 0.31368 3 P 0
L 1.53858 2.76769 1.53858 2.77876 3 P 0
L 1.57874 2.76769 1.57874 2.77876 3 P 0
L 1.25802 2.57323 1.24592 2.57323 3 P 0
L 1.25802 2.54331 1.24592 2.54331 3 P 0
L 1.60659 0.37745 1.60659 0.358768 3 P 0
L 1.64774 0.37745 1.64774 0.358768 3 P 0
L 2.09911 3.68338 2.09911 3.70343 3 P 0
L 2.14026 3.68338 2.14026 3.70343 3 P 0
L 0.08878 3.27834 0.08878 3.26929 1 P 0
L 0.08878 3.16417 0.08878 3.17323 1 P 0
L 0.08878 3.16417 0.24626 3.16417 1 P 0
L 0.24626 3.27834 0.08878 3.27834 1 P 0
L 0.24626 3.26929 0.24626 3.27834 1 P 0
L 0.24626 3.16417 0.24626 3.17323 1 P 0
L 1.5687 3.37114 1.5687 3.35326 3 P 0
L 1.62657 3.37114 1.62657 3.35326 3 P 0
L 1.33278 2.63081 1.35147 2.63081 3 P 0
L 1.33278 2.58966 1.35147 2.58966 3 P 0
L 1.94134 3.49407 1.94134 3.50514 3 P 0
L 1.9815 3.49407 1.9815 3.50514 3 P 0
L 0.828347 2.31485 0.828347 2.32767 3 P 0
L 0.868504 2.31485 0.868504 2.32767 3 P 0
L 0.153051 2.31682 0.153051 2.29814 3 P 0
L 0.194193 2.31682 0.194193 2.29814 3 P 0
L 2.20286 3.61191 2.22155 3.61191 3 P 0
L 2.20286 3.57077 2.22155 3.57077 3 P 0
L 1.84882 0.937007 1.84882 0.82677 3 P 0
L 1.84882 0.82677 1.92756 0.82677 3 P 0
L 1.92756 0.937007 1.84882 0.937007 3 P 0
L 1.92756 0.82677 1.92756 0.937007 3 P 0
L 1.73495 2.79094 1.72646 2.79094 3 P 0
L 1.73495 2.7626 1.72646 2.7626 3 P 0
L 0.141929 2.93602 0.23189 2.93602 3 P 0
L 0.141929 2.87815 0.141929 2.93602 3 P 0
L 0.23189 2.87815 0.141929 2.87815 3 P 0
L 0.14124 2.62491 0.14124 2.64359 3 P 0
L 0.182382 2.62491 0.182382 2.64359 3 P 0
L 0.924137 2.71752 0.913068 2.71752 3 P 0
L 0.924137 2.67736 0.913068 2.67736 3 P 0
L 0.97815 3.49466 0.97815 3.50573 3 P 0
L 1.01831 3.49466 1.01831 3.50573 3 P 0
L 1.7124 3.55096 1.7124 3.56203 3 P 0
L 1.75256 3.55096 1.75256 3.56203 3 P 0
L 3.35503 3.10047 3.34654 3.10047 3 P 0
L 3.35503 3.07212 3.34654 3.07212 3 P 0
L 1.50423 3.61783 1.50423 3.60934 3 P 0
L 1.53258 3.61783 1.53258 3.60934 3 P 0
L 1.23032 2.77731 1.23032 2.76521 3 P 0
L 1.26024 2.77731 1.26024 2.76521 3 P 0
L 1.39153 3.5234 1.39153 3.53447 3 P 0
L 1.43169 3.5234 1.43169 3.53447 3 P 0
L 3.39635 3.32293 3.37767 3.32293 3 P 0
L 3.39635 3.28179 3.37767 3.28179 3 P 0
L 3.31693 3.02772 3.31693 3.03621 3 P 0
L 3.34528 3.02772 3.34528 3.03621 3 P 0
L 2.32412 3.61663 2.3428 3.61663 3 P 0
L 2.32412 3.57549 2.3428 3.57549 3 P 0
L 1.70645 3.48307 1.72702 3.48307 3 P 0
L 1.70645 3.4252 1.72702 3.4252 3 P 0
L 3.28318 3.63435 3.30186 3.63435 3 P 0
L 3.28318 3.59321 3.30186 3.59321 3 P 0
L 1.04429 1.48268 1.05492 1.48268 3 P 0
L 1.04429 1.37401 1.04429 1.48268 3 P 0
L 1.04429 1.37401 1.04429 1.26535 3 P 0
L 1.04429 1.26535 1.05492 1.26535 3 P 0
L 1.26161 1.48268 1.25098 1.48268 3 P 0
L 1.26161 1.37401 1.26161 1.48268 3 P 0
L 1.26161 1.37401 1.26161 1.26535 3 P 0
L 1.26161 1.26535 1.25098 1.26535 3 P 0
L 1.05492 1.51279 1.04193 1.50334 3 P 0
L 1.04193 1.50334 1.04193 1.52224 3 P 0
L 1.04193 1.52224 1.05492 1.51279 3 P 0
L 2.00976 2.6689 2.00127 2.6689 3 P 0
L 2.00976 2.64055 2.00127 2.64055 3 P 0
L 1.21349 2.62962 1.23218 2.62962 3 P 0
L 1.21349 2.58848 1.23218 2.58848 3 P 0
L 1.99525 3.35197 2.00632 3.35197 3 P 0
L 1.99525 3.31181 2.00632 3.31181 3 P 0
L 1.90059 1.29092 1.90059 1.30199 3 P 0
L 1.94075 1.29092 1.94075 1.30199 3 P 0
L 3.50464 3.63868 3.52332 3.63868 3 P 0
L 3.50464 3.59754 3.52332 3.59754 3 P 0
L 3.22019 3.69537 3.23887 3.69537 3 P 0
L 3.22019 3.65423 3.23887 3.65423 3 P 0
L 1.14992 2.35669 1.14142 2.35669 3 P 0
L 1.14992 2.32835 1.14142 2.32835 3 P 0
L 2.2182 3.73632 2.19952 3.73632 3 P 0
L 2.2182 3.69518 2.19952 3.69518 3 P 0
L 1.0372 3.49466 1.0372 3.50573 3 P 0
L 1.07736 3.49466 1.07736 3.50573 3 P 0
L 1.72046 2.93701 1.73328 2.93701 3 P 0
L 1.72046 2.89685 1.73328 2.89685 3 P 0
L 1.51763 2.18504 1.50914 2.18504 3 P 0
L 1.51763 2.15669 1.50914 2.15669 3 P 0
L 3.01604 0.401174 3.01866 0.401174 2 P 0
L 3.01604 0.379953 3.01604 0.401174 2 P 0
L 3.01604 0.379953 3.01604 0.322394 2 P 0
L 3.01604 0.301174 3.01604 0.322394 2 P 0
L 3.01866 0.301174 3.01604 0.301174 2 P 0
L 3.12346 0.401174 3.12608 0.401174 2 P 0
L 3.12608 0.401174 3.12608 0.379953 2 P 0
L 3.12608 0.322394 3.12608 0.301174 2 P 0
L 3.12608 0.301174 3.12346 0.301174 2 P 0
A 3.09342500 0.35117400 3.04870100 0.35117400 3.07106300 0.35117400 2 P 0 Y
A 3.04870100 0.35117400 3.09342500 0.35117400 3.07106300 0.35117400 2 P 0 Y
L 1.62412 1.14537 1.6428 1.14537 3 P 0
L 1.62412 1.10423 1.6428 1.10423 3 P 0
L 0.765059 0.681495 0.767677 0.681495 2 P 0
L 0.765059 0.660274 0.765059 0.681495 2 P 0
L 0.765059 0.581495 0.765059 0.602715 2 P 0
L 0.767677 0.581495 0.765059 0.581495 2 P 0
L 0.87248 0.681495 0.875098 0.681495 2 P 0
L 0.875098 0.681495 0.875098 0.660274 2 P 0
L 0.875098 0.602715 0.875098 0.660274 2 P 0
L 0.875098 0.602715 0.875098 0.581495 2 P 0
L 0.875098 0.581495 0.87248 0.581495 2 P 0
A 0.84244100 0.63149500 0.79771700 0.63149500 0.82007900 0.63149500 2 P 0 Y
A 0.79771700 0.63149500 0.84244100 0.63149500 0.82007900 0.63149500 2 P 0 Y
L 3.69016 1.04803 3.65079 1.04803 3 P 0
L 3.69016 0.915747 3.65079 0.915747 3 P 0
L 0.934229 2.3626 0.945298 2.3626 3 P 0
L 0.934229 2.32244 0.945298 2.32244 3 P 0
L 2.99567 2.11065 2.99567 2.09958 3 P 0
L 3.03583 2.11065 3.03583 2.09958 3 P 0
L 1.71538 2.74449 1.70431 2.74449 3 P 0
L 1.71538 2.70433 1.70431 2.70433 3 P 0
L 1.94439 0.386111 1.94439 0.36743 3 P 0
L 1.98553 0.386111 1.98553 0.36743 3 P 0
L 1.37754 3.37756 1.38861 3.37756 3 P 0
L 1.37754 3.3374 1.38861 3.3374 3 P 0
L 2.03888 3.69241 2.03888 3.67373 3 P 0
L 2.08002 3.69241 2.08002 3.67373 3 P 0
L 1.14173 2.67269 1.14173 2.68479 3 P 0
L 1.17165 2.67269 1.17165 2.68479 3 P 0
L 1.77441 3.58042 1.77441 3.57193 3 P 0
L 1.80276 3.58042 1.80276 3.57193 3 P 0
L 1.37633 3.45531 1.3969 3.45531 3 P 0
L 1.37633 3.39744 1.3969 3.39744 3 P 0
L 1.58622 0.954329 1.58622 0.875589 3 P 0
L 1.58622 0.875589 1.69646 0.875589 3 P 0
L 1.69646 0.954329 1.58622 0.954329 3 P 0
L 1.69646 0.875589 1.69646 0.954329 3 P 0
S P 0
OB 0.8013780000 1.5100380000 I
OS 0.7883860000 1.5005890000
OS 0.7883860000 1.5194870000
OS 0.8013780000 1.5100380000
OE
SE
S P 0
OB 1.0549210000 1.5127940000 I
OS 1.0419290000 1.5033450000
OS 1.0419290000 1.5222430000
OS 1.0549210000 1.5127940000
OE
SE
