#
#Feature symbol names
#
$0 r15.748
$1 r10
$2 r7.87402
$3 r4.72441
$4 r6.29921
$5 r9.84252
$6 r6
$7 r5.90551
$8 r5


#
#Feature attribute names
#


#
#Layer features
#
L 3.7075 2.8701 3.72062 2.83073 4 P 0
L 3.72062 2.83073 3.73375 2.8701 4 P 0
L 3.75999 2.85136 3.76562 2.84948 4 P 0
L 3.76562 2.84948 3.76749 2.84761 4 P 0
L 3.76749 2.84761 3.76937 2.84386 4 P 0
L 3.76937 2.84386 3.76937 2.83823 4 P 0
L 3.76937 2.83823 3.76749 2.83448 4 P 0
L 3.76749 2.83448 3.76562 2.83261 4 P 0
L 3.76562 2.83261 3.76187 2.83073 4 P 0
L 3.76187 2.83073 3.74687 2.83073 4 P 0
L 3.74687 2.83073 3.74687 2.8701 4 P 0
L 3.74687 2.8701 3.75999 2.8701 4 P 0
L 3.75999 2.8701 3.76374 2.86823 4 P 0
L 3.76374 2.86823 3.76562 2.86636 4 P 0
L 3.76562 2.86636 3.76749 2.86261 4 P 0
L 3.76749 2.86261 3.76749 2.85886 4 P 0
L 3.76749 2.85886 3.76562 2.85511 4 P 0
L 3.76562 2.85511 3.76374 2.85323 4 P 0
L 3.76374 2.85323 3.75999 2.85136 4 P 0
L 3.75999 2.85136 3.74687 2.85136 4 P 0
L 3.78624 2.8701 3.78624 2.83823 4 P 0
L 3.78624 2.83823 3.78811 2.83448 4 P 0
L 3.78811 2.83448 3.78999 2.83261 4 P 0
L 3.78999 2.83261 3.79374 2.83073 4 P 0
L 3.79374 2.83073 3.80124 2.83073 4 P 0
L 3.80124 2.83073 3.80499 2.83261 4 P 0
L 3.80499 2.83261 3.80686 2.83448 4 P 0
L 3.80686 2.83448 3.80874 2.83823 4 P 0
L 3.80874 2.83823 3.80874 2.8701 4 P 0
L 3.82561 2.83261 3.83123 2.83073 4 P 0
L 3.83123 2.83073 3.84061 2.83073 4 P 0
L 3.84061 2.83073 3.84436 2.83261 4 P 0
L 3.84436 2.83261 3.84623 2.83448 4 P 0
L 3.84623 2.83448 3.84811 2.83823 4 P 0
L 3.84811 2.83823 3.84811 2.84198 4 P 0
L 3.84811 2.84198 3.84623 2.84573 4 P 0
L 3.84623 2.84573 3.84436 2.84761 4 P 0
L 3.84436 2.84761 3.84061 2.84948 4 P 0
L 3.84061 2.84948 3.83311 2.85136 4 P 0
L 3.83311 2.85136 3.82936 2.85323 4 P 0
L 3.82936 2.85323 3.82748 2.85511 4 P 0
L 3.82748 2.85511 3.82561 2.85886 4 P 0
L 3.82561 2.85886 3.82561 2.86261 4 P 0
L 3.82561 2.86261 3.82748 2.86636 4 P 0
L 3.82748 2.86636 3.82936 2.86823 4 P 0
L 3.82936 2.86823 3.83311 2.8701 4 P 0
L 3.83311 2.8701 3.84248 2.8701 4 P 0
L 3.84248 2.8701 3.84811 2.86823 4 P 0
L 2.86042 3.29236 2.85855 3.29048 4 P 0
L 2.85855 3.29048 2.85293 3.28861 4 P 0
L 2.85293 3.28861 2.84918 3.28861 4 P 0
L 2.84918 3.28861 2.84355 3.29048 4 P 0
L 2.84355 3.29048 2.8398 3.29423 4 P 0
L 2.8398 3.29423 2.83793 3.29798 4 P 0
L 2.83793 3.29798 2.83605 3.30548 4 P 0
L 2.83605 3.30548 2.83605 3.31111 4 P 0
L 2.83605 3.31111 2.83793 3.3186 4 P 0
L 2.83793 3.3186 2.8398 3.32235 4 P 0
L 2.8398 3.32235 2.84355 3.3261 4 P 0
L 2.84355 3.3261 2.84918 3.32798 4 P 0
L 2.84918 3.32798 2.85293 3.32798 4 P 0
L 2.85293 3.32798 2.85855 3.3261 4 P 0
L 2.85855 3.3261 2.86042 3.32423 4 P 0
L 2.89979 3.29236 2.89792 3.29048 4 P 0
L 2.89792 3.29048 2.8923 3.28861 4 P 0
L 2.8923 3.28861 2.88855 3.28861 4 P 0
L 2.88855 3.28861 2.88292 3.29048 4 P 0
L 2.88292 3.29048 2.87917 3.29423 4 P 0
L 2.87917 3.29423 2.8773 3.29798 4 P 0
L 2.8773 3.29798 2.87542 3.30548 4 P 0
L 2.87542 3.30548 2.87542 3.31111 4 P 0
L 2.87542 3.31111 2.8773 3.3186 4 P 0
L 2.8773 3.3186 2.87917 3.32235 4 P 0
L 2.87917 3.32235 2.88292 3.3261 4 P 0
L 2.88292 3.3261 2.88855 3.32798 4 P 0
L 2.88855 3.32798 2.8923 3.32798 4 P 0
L 2.8923 3.32798 2.89792 3.3261 4 P 0
L 2.89792 3.3261 2.89979 3.32423 4 P 0
L 2.90729 3.28486 2.93729 3.28486 4 P 0
L 2.94104 3.32798 2.95416 3.28861 4 P 0
L 2.95416 3.28861 2.96729 3.32798 4 P 0
L 3.00291 3.28861 2.98978 3.30736 4 P 0
L 2.98041 3.28861 2.98041 3.32798 4 P 0
L 2.98041 3.32798 2.99541 3.32798 4 P 0
L 2.99541 3.32798 2.99916 3.3261 4 P 0
L 2.99916 3.3261 3.00103 3.32423 4 P 0
L 3.00103 3.32423 3.00291 3.32048 4 P 0
L 3.00291 3.32048 3.00291 3.31486 4 P 0
L 3.00291 3.31486 3.00103 3.31111 4 P 0
L 3.00103 3.31111 2.99916 3.30923 4 P 0
L 2.99916 3.30923 2.99541 3.30736 4 P 0
L 2.99541 3.30736 2.98041 3.30736 4 P 0
L 3.01978 3.30923 3.0329 3.30923 4 P 0
L 3.03853 3.28861 3.01978 3.28861 4 P 0
L 3.01978 3.28861 3.01978 3.32798 4 P 0
L 3.01978 3.32798 3.03853 3.32798 4 P 0
L 3.06852 3.30923 3.0554 3.30923 4 P 0
L 3.0554 3.28861 3.0554 3.32798 4 P 0
L 3.0554 3.32798 3.07415 3.32798 4 P 0
L 1.17478 3.76617 1.15604 3.76617 4 P 0
L 1.15604 3.76617 1.15416 3.74742 4 P 0
L 1.15416 3.74742 1.15604 3.7493 4 P 0
L 1.15604 3.7493 1.15979 3.75117 4 P 0
L 1.15979 3.75117 1.16916 3.75117 4 P 0
L 1.16916 3.75117 1.17291 3.7493 4 P 0
L 1.17291 3.7493 1.17478 3.74742 4 P 0
L 1.17478 3.74742 1.17666 3.74367 4 P 0
L 1.17666 3.74367 1.17666 3.7343 4 P 0
L 1.17666 3.7343 1.17478 3.73055 4 P 0
L 1.17478 3.73055 1.17291 3.72867 4 P 0
L 1.17291 3.72867 1.16916 3.7268 4 P 0
L 1.16916 3.7268 1.15979 3.7268 4 P 0
L 1.15979 3.7268 1.15604 3.72867 4 P 0
L 1.15604 3.72867 1.15416 3.73055 4 P 0
L 1.18791 3.76617 1.20103 3.7268 4 P 0
L 1.20103 3.7268 1.21415 3.76617 4 P 0
L 0.732078 0.052782 0.718955 0.07153 4 P 0
L 0.709581 0.052782 0.709581 0.092152 4 P 0
L 0.709581 0.092152 0.724579 0.092152 4 P 0
L 0.724579 0.092152 0.728329 0.090278 4 P 0
L 0.728329 0.090278 0.730203 0.088403 4 P 0
L 0.730203 0.088403 0.732078 0.084653 4 P 0
L 0.732078 0.084653 0.732078 0.079029 4 P 0
L 0.732078 0.079029 0.730203 0.075279 4 P 0
L 0.730203 0.075279 0.728329 0.073405 4 P 0
L 0.728329 0.073405 0.724579 0.07153 4 P 0
L 0.724579 0.07153 0.709581 0.07153 4 P 0
L 0.7602 0.092152 0.7602 0.064031 4 P 0
L 0.7602 0.064031 0.758325 0.058407 4 P 0
L 0.758325 0.058407 0.754575 0.054657 4 P 0
L 0.754575 0.054657 0.748951 0.052782 4 P 0
L 0.748951 0.052782 0.745202 0.052782 4 P 0
L 0.79582 0.079029 0.79582 0.052782 4 P 0
L 0.786446 0.094027 0.777073 0.065906 4 P 0
L 0.777073 0.065906 0.801445 0.065906 4 P 0
L 0.83519 0.092152 0.816443 0.092152 4 P 0
L 0.816443 0.092152 0.814568 0.073405 4 P 0
L 0.814568 0.073405 0.816443 0.075279 4 P 0
L 0.816443 0.075279 0.820192 0.077154 4 P 0
L 0.820192 0.077154 0.829566 0.077154 4 P 0
L 0.829566 0.077154 0.833316 0.075279 4 P 0
L 0.833316 0.075279 0.83519 0.073405 4 P 0
L 0.83519 0.073405 0.837065 0.069655 4 P 0
L 0.837065 0.069655 0.837065 0.060281 4 P 0
L 0.837065 0.060281 0.83519 0.056532 4 P 0
L 0.83519 0.056532 0.833316 0.054657 4 P 0
L 0.833316 0.054657 0.829566 0.052782 4 P 0
L 0.829566 0.052782 0.820192 0.052782 4 P 0
L 0.820192 0.052782 0.816443 0.054657 4 P 0
L 0.816443 0.054657 0.814568 0.056532 4 P 0
L 0.849889 3.21066 0.827391 3.21066 4 P 0
L 0.83864 3.21066 0.83864 3.25003 4 P 0
L 0.83864 3.25003 0.83489 3.2444 4 P 0
L 0.83489 3.2444 0.831141 3.24065 4 P 0
L 0.831141 3.24065 0.827391 3.23878 4 P 0
L 0.861137 3.25003 0.87426 3.21066 4 P 0
L 0.87426 3.21066 0.887384 3.25003 4 P 0
L 0.898632 3.24628 0.900507 3.24815 4 P 0
L 0.900507 3.24815 0.904257 3.25003 4 P 0
L 0.904257 3.25003 0.913631 3.25003 4 P 0
L 0.913631 3.25003 0.91738 3.24815 4 P 0
L 0.91738 3.24815 0.919255 3.24628 4 P 0
L 0.919255 3.24628 0.92113 3.24253 4 P 0
L 0.92113 3.24253 0.92113 3.23878 4 P 0
L 0.92113 3.23878 0.919255 3.23315 4 P 0
L 0.919255 3.23315 0.896758 3.21066 4 P 0
L 0.896758 3.21066 0.92113 3.21066 4 P 0
L 3.19271 3.74196 3.19083 3.74009 4 P 0
L 3.19083 3.74009 3.18521 3.73821 4 P 0
L 3.18521 3.73821 3.18146 3.73821 4 P 0
L 3.18146 3.73821 3.17583 3.74009 4 P 0
L 3.17583 3.74009 3.17209 3.74384 4 P 0
L 3.17209 3.74384 3.17021 3.74759 4 P 0
L 3.17021 3.74759 3.16834 3.75509 4 P 0
L 3.16834 3.75509 3.16834 3.76071 4 P 0
L 3.16834 3.76071 3.17021 3.76821 4 P 0
L 3.17021 3.76821 3.17209 3.77196 4 P 0
L 3.17209 3.77196 3.17583 3.77571 4 P 0
L 3.17583 3.77571 3.18146 3.77758 4 P 0
L 3.18146 3.77758 3.18521 3.77758 4 P 0
L 3.18521 3.77758 3.19083 3.77571 4 P 0
L 3.19083 3.77571 3.19271 3.77384 4 P 0
L 3.23208 3.74196 3.2302 3.74009 4 P 0
L 3.2302 3.74009 3.22458 3.73821 4 P 0
L 3.22458 3.73821 3.22083 3.73821 4 P 0
L 3.22083 3.73821 3.2152 3.74009 4 P 0
L 3.2152 3.74009 3.21146 3.74384 4 P 0
L 3.21146 3.74384 3.20958 3.74759 4 P 0
L 3.20958 3.74759 3.20771 3.75509 4 P 0
L 3.20771 3.75509 3.20771 3.76071 4 P 0
L 3.20771 3.76071 3.20958 3.76821 4 P 0
L 3.20958 3.76821 3.21146 3.77196 4 P 0
L 3.21146 3.77196 3.2152 3.77571 4 P 0
L 3.2152 3.77571 3.22083 3.77758 4 P 0
L 3.22083 3.77758 3.22458 3.77758 4 P 0
L 3.22458 3.77758 3.2302 3.77571 4 P 0
L 3.2302 3.77571 3.23208 3.77384 4 P 0
L 3.26957 3.73821 3.24708 3.73821 4 P 0
L 3.25832 3.73821 3.25832 3.77758 4 P 0
L 3.25832 3.77758 3.25457 3.77196 4 P 0
L 3.25457 3.77196 3.25083 3.76821 4 P 0
L 3.25083 3.76821 3.24708 3.76634 4 P 0
L 3.37696 3.74157 3.37508 3.7397 4 P 0
L 3.37508 3.7397 3.36946 3.73782 4 P 0
L 3.36946 3.73782 3.36571 3.73782 4 P 0
L 3.36571 3.73782 3.36009 3.7397 4 P 0
L 3.36009 3.7397 3.35634 3.74345 4 P 0
L 3.35634 3.74345 3.35446 3.74719 4 P 0
L 3.35446 3.74719 3.35259 3.75469 4 P 0
L 3.35259 3.75469 3.35259 3.76032 4 P 0
L 3.35259 3.76032 3.35446 3.76782 4 P 0
L 3.35446 3.76782 3.35634 3.77157 4 P 0
L 3.35634 3.77157 3.36009 3.77532 4 P 0
L 3.36009 3.77532 3.36571 3.77719 4 P 0
L 3.36571 3.77719 3.36946 3.77719 4 P 0
L 3.36946 3.77719 3.37508 3.77532 4 P 0
L 3.37508 3.77532 3.37696 3.77344 4 P 0
L 3.41633 3.74157 3.41445 3.7397 4 P 0
L 3.41445 3.7397 3.40883 3.73782 4 P 0
L 3.40883 3.73782 3.40508 3.73782 4 P 0
L 3.40508 3.73782 3.39946 3.7397 4 P 0
L 3.39946 3.7397 3.39571 3.74345 4 P 0
L 3.39571 3.74345 3.39383 3.74719 4 P 0
L 3.39383 3.74719 3.39196 3.75469 4 P 0
L 3.39196 3.75469 3.39196 3.76032 4 P 0
L 3.39196 3.76032 3.39383 3.76782 4 P 0
L 3.39383 3.76782 3.39571 3.77157 4 P 0
L 3.39571 3.77157 3.39946 3.77532 4 P 0
L 3.39946 3.77532 3.40508 3.77719 4 P 0
L 3.40508 3.77719 3.40883 3.77719 4 P 0
L 3.40883 3.77719 3.41445 3.77532 4 P 0
L 3.41445 3.77532 3.41633 3.77344 4 P 0
L 3.43133 3.77344 3.4332 3.77532 4 P 0
L 3.4332 3.77532 3.43695 3.77719 4 P 0
L 3.43695 3.77719 3.44633 3.77719 4 P 0
L 3.44633 3.77719 3.45008 3.77532 4 P 0
L 3.45008 3.77532 3.45195 3.77344 4 P 0
L 3.45195 3.77344 3.45383 3.76969 4 P 0
L 3.45383 3.76969 3.45383 3.76594 4 P 0
L 3.45383 3.76594 3.45195 3.76032 4 P 0
L 3.45195 3.76032 3.42945 3.73782 4 P 0
L 3.42945 3.73782 3.45383 3.73782 4 P 0
L 2.78281 3.50396 2.78281 3.54333 4 P 0
L 2.78281 3.54333 2.79781 3.54333 4 P 0
L 2.79781 3.54333 2.80156 3.54146 4 P 0
L 2.80156 3.54146 2.80343 3.53958 4 P 0
L 2.80343 3.53958 2.80531 3.53583 4 P 0
L 2.80531 3.53583 2.80531 3.53021 4 P 0
L 2.80531 3.53021 2.80343 3.52646 4 P 0
L 2.80343 3.52646 2.80156 3.52459 4 P 0
L 2.80156 3.52459 2.79781 3.52271 4 P 0
L 2.79781 3.52271 2.78281 3.52271 4 P 0
L 2.84468 3.50771 2.8428 3.50584 4 P 0
L 2.8428 3.50584 2.83718 3.50396 4 P 0
L 2.83718 3.50396 2.83343 3.50396 4 P 0
L 2.83343 3.50396 2.8278 3.50584 4 P 0
L 2.8278 3.50584 2.82405 3.50959 4 P 0
L 2.82405 3.50959 2.82218 3.51334 4 P 0
L 2.82218 3.51334 2.8203 3.52084 4 P 0
L 2.8203 3.52084 2.8203 3.52646 4 P 0
L 2.8203 3.52646 2.82218 3.53396 4 P 0
L 2.82218 3.53396 2.82405 3.53771 4 P 0
L 2.82405 3.53771 2.8278 3.54146 4 P 0
L 2.8278 3.54146 2.83343 3.54333 4 P 0
L 2.83343 3.54333 2.83718 3.54333 4 P 0
L 2.83718 3.54333 2.8428 3.54146 4 P 0
L 2.8428 3.54146 2.84468 3.53958 4 P 0
L 2.86905 3.54333 2.87655 3.54333 4 P 0
L 2.87655 3.54333 2.8803 3.54146 4 P 0
L 2.8803 3.54146 2.88405 3.53771 4 P 0
L 2.88405 3.53771 2.88592 3.53021 4 P 0
L 2.88592 3.53021 2.88592 3.51709 4 P 0
L 2.88592 3.51709 2.88405 3.50959 4 P 0
L 2.88405 3.50959 2.8803 3.50584 4 P 0
L 2.8803 3.50584 2.87655 3.50396 4 P 0
L 2.87655 3.50396 2.86905 3.50396 4 P 0
L 2.86905 3.50396 2.8653 3.50584 4 P 0
L 2.8653 3.50584 2.86155 3.50959 4 P 0
L 2.86155 3.50959 2.85967 3.51709 4 P 0
L 2.85967 3.51709 2.85967 3.53021 4 P 0
L 2.85967 3.53021 2.86155 3.53771 4 P 0
L 2.86155 3.53771 2.8653 3.54146 4 P 0
L 2.8653 3.54146 2.86905 3.54333 4 P 0
L 2.90279 3.50396 2.90279 3.54333 4 P 0
L 2.90279 3.54333 2.92529 3.50396 4 P 0
L 2.92529 3.50396 2.92529 3.54333 4 P 0
L 2.94404 3.50396 2.94404 3.54333 4 P 0
L 2.94404 3.54333 2.96654 3.50396 4 P 0
L 2.96654 3.50396 2.96654 3.54333 4 P 0
L 2.90924 0.07483 2.89612 0.093577 4 P 0
L 2.88675 0.07483 2.88675 0.1142 4 P 0
L 2.88675 0.1142 2.90175 0.1142 4 P 0
L 2.90175 0.1142 2.90549 0.112325 4 P 0
L 2.90549 0.112325 2.90737 0.11045 4 P 0
L 2.90737 0.11045 2.90924 0.106701 4 P 0
L 2.90924 0.106701 2.90924 0.101076 4 P 0
L 2.90924 0.101076 2.90737 0.097327 4 P 0
L 2.90737 0.097327 2.90549 0.095452 4 P 0
L 2.90549 0.095452 2.90175 0.093577 4 P 0
L 2.90175 0.093577 2.88675 0.093577 4 P 0
L 2.93736 0.1142 2.93736 0.086078 4 P 0
L 2.93736 0.086078 2.93549 0.080454 4 P 0
L 2.93549 0.080454 2.93174 0.076704 4 P 0
L 2.93174 0.076704 2.92612 0.07483 4 P 0
L 2.92612 0.07483 2.92237 0.07483 4 P 0
L 2.97299 0.101076 2.97299 0.07483 4 P 0
L 2.96361 0.116074 2.95424 0.087953 4 P 0
L 2.95424 0.087953 2.97861 0.087953 4 P 0
L 3.01236 0.1142 2.99361 0.1142 4 P 0
L 2.99361 0.1142 2.99173 0.095452 4 P 0
L 2.99173 0.095452 2.99361 0.097327 4 P 0
L 2.99361 0.097327 2.99736 0.099201 4 P 0
L 2.99736 0.099201 3.00673 0.099201 4 P 0
L 3.00673 0.099201 3.01048 0.097327 4 P 0
L 3.01048 0.097327 3.01236 0.095452 4 P 0
L 3.01236 0.095452 3.01423 0.091702 4 P 0
L 3.01423 0.091702 3.01423 0.082329 4 P 0
L 3.01423 0.082329 3.01236 0.078579 4 P 0
L 3.01236 0.078579 3.01048 0.076704 4 P 0
L 3.01048 0.076704 3.00673 0.07483 4 P 0
L 3.00673 0.07483 2.99736 0.07483 4 P 0
L 2.99736 0.07483 2.99361 0.076704 4 P 0
L 2.99361 0.076704 2.99173 0.078579 4 P 0
L 3.02173 0.07108 3.05173 0.07108 4 P 0
L 3.0611 0.07483 3.0611 0.1142 4 P 0
L 3.07797 0.076704 3.0836 0.07483 4 P 0
L 3.0836 0.07483 3.09297 0.07483 4 P 0
L 3.09297 0.07483 3.09672 0.076704 4 P 0
L 3.09672 0.076704 3.09859 0.078579 4 P 0
L 3.09859 0.078579 3.10047 0.082329 4 P 0
L 3.10047 0.082329 3.10047 0.086078 4 P 0
L 3.10047 0.086078 3.09859 0.089828 4 P 0
L 3.09859 0.089828 3.09672 0.091702 4 P 0
L 3.09672 0.091702 3.09297 0.093577 4 P 0
L 3.09297 0.093577 3.08547 0.095452 4 P 0
L 3.08547 0.095452 3.08172 0.097327 4 P 0
L 3.08172 0.097327 3.07985 0.099201 4 P 0
L 3.07985 0.099201 3.07797 0.102951 4 P 0
L 3.07797 0.102951 3.07797 0.106701 4 P 0
L 3.07797 0.106701 3.07985 0.11045 4 P 0
L 3.07985 0.11045 3.08172 0.112325 4 P 0
L 3.08172 0.112325 3.08547 0.1142 4 P 0
L 3.08547 0.1142 3.09484 0.1142 4 P 0
L 3.09484 0.1142 3.10047 0.112325 4 P 0
L 3.12484 0.1142 3.13234 0.1142 4 P 0
L 3.13234 0.1142 3.13609 0.112325 4 P 0
L 3.13609 0.112325 3.13984 0.108575 4 P 0
L 3.13984 0.108575 3.14172 0.101076 4 P 0
L 3.14172 0.101076 3.14172 0.087953 4 P 0
L 3.14172 0.087953 3.13984 0.080454 4 P 0
L 3.13984 0.080454 3.13609 0.076704 4 P 0
L 3.13609 0.076704 3.13234 0.07483 4 P 0
L 3.13234 0.07483 3.12484 0.07483 4 P 0
L 3.12484 0.07483 3.12109 0.076704 4 P 0
L 3.12109 0.076704 3.11734 0.080454 4 P 0
L 3.11734 0.080454 3.11547 0.087953 4 P 0
L 3.11547 0.087953 3.11547 0.101076 4 P 0
L 3.11547 0.101076 3.11734 0.108575 4 P 0
L 3.11734 0.108575 3.12109 0.112325 4 P 0
L 3.12109 0.112325 3.12484 0.1142 4 P 0
L 1.52325 3.12365 1.53637 3.08428 4 P 0
L 1.53637 3.08428 1.54949 3.12365 4 P 0
L 1.56074 3.09553 1.57949 3.09553 4 P 0
L 1.55699 3.08428 1.57012 3.12365 4 P 0
L 1.57012 3.12365 1.58324 3.08428 4 P 0
L 1.59636 3.12365 1.59636 3.09178 4 P 0
L 1.59636 3.09178 1.59824 3.08803 4 P 0
L 1.59824 3.08803 1.60011 3.08615 4 P 0
L 1.60011 3.08615 1.60386 3.08428 4 P 0
L 1.60386 3.08428 1.61136 3.08428 4 P 0
L 1.61136 3.08428 1.61511 3.08615 4 P 0
L 1.61511 3.08615 1.61699 3.08803 4 P 0
L 1.61699 3.08803 1.61886 3.09178 4 P 0
L 1.61886 3.09178 1.61886 3.12365 4 P 0
L 1.63386 3.12365 1.66011 3.08428 4 P 0
L 1.66011 3.12365 1.63386 3.08428 4 P 0
L 0.272179 2.90411 0.285303 2.90411 4 P 0
L 0.290927 2.88349 0.272179 2.88349 4 P 0
L 0.272179 2.88349 0.272179 2.92286 4 P 0
L 0.272179 2.92286 0.290927 2.92286 4 P 0
L 0.302176 2.92286 0.324673 2.92286 4 P 0
L 0.313424 2.88349 0.313424 2.92286 4 P 0
L 0.337796 2.88349 0.337796 2.92286 4 P 0
L 0.337796 2.90411 0.360293 2.90411 4 P 0
L 0.360293 2.88349 0.360293 2.92286 4 P 0
L 2.72535 2.12464 2.72773 2.1175 1 P 0
L 2.72773 2.1175 2.72773 2.11274 1 P 0
L 2.72773 2.17464 2.72773 2.14607 1 P 0
L 2.72773 2.16036 2.67773 2.16036 1 P 0
L 2.67773 2.16036 2.68487 2.15559 1 P 0
L 2.68487 2.15559 2.68963 2.15083 1 P 0
L 2.68963 2.15083 2.69202 2.14607 1 P 0
L 2.72773 2.22226 2.72773 2.19369 1 P 0
L 2.72773 2.20798 2.67773 2.20798 1 P 0
L 2.67773 2.20798 2.68487 2.20321 1 P 0
L 2.68487 2.20321 2.68963 2.19845 1 P 0
L 2.68963 2.19845 2.69202 2.19369 1 P 0
L 2.72773 2.25798 2.72773 2.25321 1 P 0
L 2.72773 2.25321 2.72535 2.24845 1 P 0
L 2.72535 2.24845 2.72297 2.24607 1 P 0
L 2.72297 2.24607 2.7182 2.24369 1 P 0
L 2.7182 2.24369 2.70868 2.24131 1 P 0
L 2.70868 2.24131 2.69678 2.24131 1 P 0
L 2.69678 2.24131 2.68725 2.24369 1 P 0
L 2.72773 2.3175 2.72773 2.28893 1 P 0
L 2.72773 2.30321 2.67773 2.30321 1 P 0
L 3.45512 2.94505 3.45512 2.95442 4 P 0
L 3.46449 2.95067 3.45512 2.95442 4 P 0
L 3.45512 2.95442 3.44574 2.95067 4 P 0
L 3.46074 2.96192 3.45512 2.95442 4 P 0
L 3.45512 2.95442 3.44949 2.96192 4 P 0
L 1.7182 3.66762 1.69952 3.66762 3 P 0
L 1.7182 3.62647 1.69952 3.62647 3 P 0
L 3.53366 3.57795 3.50216 3.57795 3 P 0
L 3.53366 3.57795 3.56516 3.57795 3 P 0
L 3.53366 3.45512 3.50216 3.45512 3 P 0
L 3.53366 3.45512 3.56516 3.45512 3 P 0
L 3.48248 3.57598 3.47303 3.58898 3 P 0
L 3.47303 3.58898 3.49193 3.58898 3 P 0
L 3.49193 3.58898 3.48248 3.57598 3 P 0
L 1.8685 0.970471 1.94724 0.970471 3 P 0
L 1.8685 0.860235 1.8685 0.970471 3 P 0
L 1.94724 0.970471 1.94724 0.860235 3 P 0
L 1.94724 0.860235 1.8685 0.860235 3 P 0
L 1.61447 0.496996 1.61447 0.508513 3 P 0
L 1.65463 0.496996 1.65463 0.508513 3 P 0
L 0.744537 0.405314 0.756054 0.405314 3 P 0
L 0.744537 0.365156 0.756054 0.365156 3 P 0
L 3.22087 1.14305 3.22087 1.13096 3 P 0
L 3.25079 1.14305 3.25079 1.13096 3 P 0
L 1.33051 3.51682 1.33051 3.52531 3 P 0
L 1.35886 3.51682 1.35886 3.52531 3 P 0
L 2.39055 2.35236 2.94173 2.35236 2 P 0
L 2.39055 2.07677 2.39055 2.35236 2 P 0
L 2.42992 2.0374 2.39055 2.07677 2 P 0
L 2.94173 2.35236 2.94173 2.0374 2 P 0
L 2.94173 2.0374 2.42992 2.0374 2 P 0
A 2.39448800 2.03740000 2.38661400 2.03740000 2.39055100 2.03740000 2 P 0 Y
A 2.38661400 2.03740000 2.39448800 2.03740000 2.39055100 2.03740000 2 P 0 Y
A 0.83622100 2.83700700 0.71811000 2.83700700 0.77716500 2.83700700 3 P 0 Y
A 0.71811000 2.83700700 0.83622100 2.83700700 0.77716500 2.83700700 3 P 0 Y
L 0.043307 0.757282 -0.007874 0.757282 3 P 0
L 0.043307 0.122637 -0.007874 0.122637 3 P 0
L 0.462284 0.789802 0.482284 0.769802 3 P 0
L 0.482284 0.769802 0.502284 0.789802 3 P 0
L 0.502284 0.789802 0.462284 0.789802 3 P 0
L 0.644095 0.757282 0.181102 0.757282 3 P 0
L 0.644095 0.122637 0.181102 0.122637 3 P 0
L 0.644095 0.122637 0.644095 0.757282 3 P 0
L 0.207337 3.14055 0.219435 3.14055 3 P 0
L 0.207337 3.11063 0.219435 3.11063 3 P 0
L 1.50335 1.2939 1.50335 1.06752 7 P 0
L 1.52598 1.2939 1.50335 1.2939 7 P 0
L 1.52598 1.06752 1.50335 1.06752 7 P 0
L 1.92264 1.2939 1.9 1.2939 7 P 0
L 1.92264 1.2939 1.92264 1.06752 7 P 0
L 1.92264 1.06752 1.9 1.06752 7 P 0
L 1.91299 1.30413 1.9 1.31358 3 P 0
L 1.9 1.31358 1.91299 1.32303 3 P 0
L 1.91299 1.32303 1.91299 1.30413 3 P 0
L 2.25551 3.7748 2.22992 3.7748 3 P 0
L 2.25551 3.7748 2.2811 3.7748 3 P 0
L 2.25551 3.65197 2.22992 3.65197 3 P 0
L 2.25551 3.65197 2.2811 3.65197 3 P 0
L 2.31073 3.64094 2.29183 3.64094 3 P 0
L 2.29183 3.64094 2.30128 3.65394 3 P 0
L 2.30128 3.65394 2.31073 3.64094 3 P 0
L 0.989961 3.47548 0.989961 3.48397 3 P 0
L 1.01831 3.47548 1.01831 3.48397 3 P 0
L 0.024409 1.46102 0.024409 0.856298 3 P 0
L 0.024409 1.46102 0.364173 1.46102 3 P 0
L 0.024409 1.4563 0.364173 1.4563 3 P 0
L 0.024409 1.45165 0.364173 1.45165 3 P 0
L 0.024409 1.447 0.364173 1.447 3 P 0
L 0.024409 1.44235 0.364173 1.44235 3 P 0
L 0.024409 1.4377 0.364173 1.4377 3 P 0
L 0.024409 1.43305 0.364173 1.43305 3 P 0
L 0.024409 1.4284 0.364173 1.4284 3 P 0
L 0.024409 1.42375 0.364173 1.42375 3 P 0
L 0.024409 1.4191 0.364173 1.4191 3 P 0
L 0.024409 1.41445 0.364173 1.41445 3 P 0
L 0.024409 1.4098 0.364173 1.4098 3 P 0
L 0.024409 1.40515 0.364173 1.40515 3 P 0
L 0.024409 1.4005 0.364173 1.4005 3 P 0
L 0.024409 1.39586 0.364173 1.39586 3 P 0
L 0.024409 1.39121 0.364173 1.39121 3 P 0
L 0.024409 1.38656 0.364173 1.38656 3 P 0
L 0.024409 1.38191 0.364173 1.38191 3 P 0
L 0.024409 1.37726 0.364173 1.37726 3 P 0
L 0.024409 1.37261 0.364173 1.37261 3 P 0
L 0.024409 1.36796 0.364173 1.36796 3 P 0
L 0.024409 1.36331 0.364173 1.36331 3 P 0
L 0.024409 1.35866 0.364173 1.35866 3 P 0
L 0.024409 1.25866 0.364173 1.25866 3 P 0
L 0.024409 1.15866 0.364173 1.15866 3 P 0
L 0.024409 1.05866 0.364173 1.05866 3 P 0
L 0.024409 0.95866 0.364173 0.95866 3 P 0
L 0.024409 0.856298 0.364173 0.856298 3 P 0
L 0.364173 1.46102 0.364173 0.856298 3 P 0
L 0.364173 1.42283 0.380315 1.42283 3 P 0
L 0.364173 1.39449 0.380315 1.39449 3 P 0
L 0.364173 1.32283 0.380315 1.32283 3 P 0
L 0.364173 1.29449 0.380315 1.29449 3 P 0
L 0.364173 1.22283 0.380315 1.22283 3 P 0
L 0.364173 1.19449 0.380315 1.19449 3 P 0
L 0.364173 1.12283 0.380315 1.12283 3 P 0
L 0.364173 1.09449 0.380315 1.09449 3 P 0
L 0.364173 1.02283 0.380315 1.02283 3 P 0
L 0.364173 0.994487 0.380315 0.994487 3 P 0
L 0.364173 0.922833 0.380315 0.922833 3 P 0
L 0.364173 0.894487 0.380315 0.894487 3 P 0
L 0.462992 1.42283 0.477953 1.42283 3 P 0
L 0.462992 1.39449 0.477953 1.39449 3 P 0
L 0.462992 1.32283 0.480315 1.32283 3 P 0
L 0.462992 1.29449 0.480315 1.29449 3 P 0
L 0.462992 1.22283 0.480315 1.22283 3 P 0
L 0.462992 1.19449 0.480315 1.19449 3 P 0
L 0.462992 1.12283 0.480315 1.12283 3 P 0
L 0.462992 1.09449 0.480315 1.09449 3 P 0
L 0.462992 1.02283 0.480315 1.02283 3 P 0
L 0.462992 0.994487 0.480315 0.994487 3 P 0
L 0.462992 0.922833 0.480315 0.922833 3 P 0
L 0.462992 0.894487 0.480315 0.894487 3 P 0
L 0.521654 1.46102 0.565354 1.46102 3 P 0
L 0.565354 1.46102 0.565354 1.40866 3 P 0
L 1.9686 0.821938 1.9686 0.803256 3 P 0
L 2.00974 0.821938 2.00974 0.803256 3 P 0
L 1.83558 3.66575 1.82348 3.66575 3 P 0
L 1.83558 3.63583 1.82348 3.63583 3 P 0
L 1.45276 2.6437 1.49213 2.68307 2 P 0
L 1.45276 2.13189 1.45276 2.6437 2 P 0
L 1.49213 2.68307 2.00394 2.68307 2 P 0
L 2.00394 2.68307 2.00394 2.13189 2 P 0
L 2.00394 2.13189 1.45276 2.13189 2 P 0
A 1.45669300 2.68307000 1.44881900 2.68307000 1.45275600 2.68307000 2 P 0 Y
A 1.44881900 2.68307000 1.45669300 2.68307000 1.45275600 2.68307000 2 P 0 Y
L 1.28889 1.09665 1.30757 1.09665 3 P 0
L 1.28889 1.05551 1.30757 1.05551 3 P 0
L 0.968902 2.7124 0.955704 2.7124 3 P 0
L 0.968902 2.68248 0.955704 2.68248 3 P 0
L 1.13159 1.00286 1.13159 1.02154 3 P 0
L 1.17274 1.00286 1.17274 1.02154 3 P 0
L 1.54567 0.978739 1.65591 0.978739 3 P 0
L 1.54567 0.899999 1.54567 0.978739 3 P 0
L 1.65591 0.978739 1.65591 0.899999 3 P 0
L 1.65591 0.899999 1.54567 0.899999 3 P 0
L 3.13425 1.27348 3.13425 1.28557 3 P 0
L 3.16417 1.27348 3.16417 1.28557 3 P 0
L 1.32854 3.32193 1.32854 3.30405 3 P 0
L 1.38642 3.32193 1.38642 3.30405 3 P 0
L 3.17322 1.89204 3.17322 1.91072 3 P 0
L 3.21436 1.89204 3.21436 1.91072 3 P 0
L 3.30605 2.90421 3.29395 2.90421 3 P 0
L 3.30605 2.87429 3.29395 2.87429 3 P 0
L 0.118754 3.1063 0.130852 3.1063 3 P 0
L 0.118754 3.07638 0.130852 3.07638 3 P 0
L 1.9369 0.367814 1.91822 0.367814 3 P 0
L 1.9369 0.326672 1.91822 0.326672 3 P 0
L 3.11219 1.91072 3.11219 1.89204 3 P 0
L 3.15334 1.91072 3.15334 1.89204 3 P 0
L 3.22971 3.43297 3.20966 3.43297 3 P 0
L 3.22971 3.39183 3.20966 3.39183 3 P 0
L 0.026181 2.14311 0.026181 1.53838 3 P 0
L 0.026181 2.14311 0.365945 2.14311 3 P 0
L 0.026181 2.13838 0.365945 2.13838 3 P 0
L 0.026181 2.13373 0.365945 2.13373 3 P 0
L 0.026181 2.12909 0.365945 2.12909 3 P 0
L 0.026181 2.12444 0.365945 2.12444 3 P 0
L 0.026181 2.11979 0.365945 2.11979 3 P 0
L 0.026181 2.11514 0.365945 2.11514 3 P 0
L 0.026181 2.11049 0.365945 2.11049 3 P 0
L 0.026181 2.10584 0.365945 2.10584 3 P 0
L 0.026181 2.10119 0.365945 2.10119 3 P 0
L 0.026181 2.09654 0.365945 2.09654 3 P 0
L 0.026181 2.09189 0.365945 2.09189 3 P 0
L 0.026181 2.08724 0.365945 2.08724 3 P 0
L 0.026181 2.08259 0.365945 2.08259 3 P 0
L 0.026181 2.07794 0.365945 2.07794 3 P 0
L 0.026181 2.07329 0.365945 2.07329 3 P 0
L 0.026181 2.06864 0.365945 2.06864 3 P 0
L 0.026181 2.06399 0.365945 2.06399 3 P 0
L 0.026181 2.05934 0.365945 2.05934 3 P 0
L 0.026181 2.05469 0.365945 2.05469 3 P 0
L 0.026181 2.05005 0.365945 2.05005 3 P 0
L 0.026181 2.0454 0.365945 2.0454 3 P 0
L 0.026181 2.04075 0.365945 2.04075 3 P 0
L 0.026181 1.94075 0.365945 1.94075 3 P 0
L 0.026181 1.84075 0.365945 1.84075 3 P 0
L 0.026181 1.74075 0.365945 1.74075 3 P 0
L 0.026181 1.64075 0.365945 1.64075 3 P 0
L 0.026181 1.53838 0.365945 1.53838 3 P 0
L 0.365945 2.14311 0.365945 1.53838 3 P 0
L 0.365945 2.10492 0.382087 2.10492 3 P 0
L 0.365945 2.07657 0.382087 2.07657 3 P 0
L 0.365945 2.00492 0.382087 2.00492 3 P 0
L 0.365945 1.97657 0.382087 1.97657 3 P 0
L 0.365945 1.90492 0.382087 1.90492 3 P 0
L 0.365945 1.87657 0.382087 1.87657 3 P 0
L 0.365945 1.80492 0.382087 1.80492 3 P 0
L 0.365945 1.77657 0.382087 1.77657 3 P 0
L 0.365945 1.70492 0.382087 1.70492 3 P 0
L 0.365945 1.67657 0.382087 1.67657 3 P 0
L 0.365945 1.60492 0.382087 1.60492 3 P 0
L 0.365945 1.57657 0.382087 1.57657 3 P 0
L 0.464764 2.10492 0.479724 2.10492 3 P 0
L 0.464764 2.07657 0.479724 2.07657 3 P 0
L 0.464764 2.00492 0.482087 2.00492 3 P 0
L 0.464764 1.97657 0.482087 1.97657 3 P 0
L 0.464764 1.90492 0.482087 1.90492 3 P 0
L 0.464764 1.87657 0.482087 1.87657 3 P 0
L 0.464764 1.80492 0.482087 1.80492 3 P 0
L 0.464764 1.77657 0.482087 1.77657 3 P 0
L 0.464764 1.70492 0.482087 1.70492 3 P 0
L 0.464764 1.67657 0.482087 1.67657 3 P 0
L 0.464764 1.60492 0.482087 1.60492 3 P 0
L 0.464764 1.57657 0.482087 1.57657 3 P 0
L 0.523425 2.14311 0.567126 2.14311 3 P 0
L 0.567126 2.14311 0.567126 2.09075 3 P 0
L 3.13257 3.16427 3.11389 3.16427 3 P 0
L 3.13257 3.12313 3.11389 3.12313 3 P 0
L 3.72885 3.6687 3.74891 3.6687 3 P 0
L 3.72885 3.62756 3.74891 3.62756 3 P 0
L 0.882579 3.63051 0.851083 3.63051 3 P 0
L 0.882579 3.63051 0.914075 3.63051 3 P 0
L 0.882579 3.50768 0.851083 3.50768 3 P 0
L 0.882579 3.50768 0.914075 3.50768 3 P 0
L 0.831398 3.62854 0.821949 3.64153 3 P 0
L 0.821949 3.64153 0.840847 3.64153 3 P 0
L 0.840847 3.64153 0.831398 3.62854 3 P 0
L 2.73612 2.44381 2.73612 2.46249 3 P 0
L 2.77726 2.44381 2.77726 2.46249 3 P 0
L 3.39449 3.70364 3.39449 3.61368 3 P 0
L 3.45236 3.70364 3.39449 3.70364 3 P 0
L 3.45236 3.61368 3.45236 3.70364 3 P 0
L 3.35766 1.8314 3.33898 1.8314 3 P 0
L 3.35766 1.79025 3.33898 1.79025 3 P 0
A 3.21771700 3.30354200 3.09960600 3.30354200 3.15866100 3.30354200 3 P 0 Y
A 3.09960600 3.30354200 3.21771700 3.30354200 3.15866100 3.30354200 3 P 0 Y
L 3.27777 3.63376 3.29645 3.63376 3 P 0
L 3.27777 3.59262 3.29645 3.59262 3 P 0
L 1.31811 0.638581 1.39291 0.638581 3 P 0
L 1.31811 0.563778 1.31811 0.638581 3 P 0
L 1.39291 0.638581 1.39291 0.563778 3 P 0
L 1.39291 0.563778 1.31811 0.563778 3 P 0
L 1.06308 0.941042 1.0444 0.941042 3 P 0
L 1.06308 0.8999 1.0444 0.8999 3 P 0
L 0.113243 3.21653 0.12534 3.21653 3 P 0
L 0.113243 3.18661 0.12534 3.18661 3 P 0
L 2.00374 0.511603 2.00374 0.492922 3 P 0
L 2.04488 0.511603 2.04488 0.492922 3 P 0
L 1.23839 3.64941 1.20689 3.64941 3 P 0
L 1.23839 3.64941 1.26988 3.64941 3 P 0
L 1.23839 3.52657 1.20689 3.52657 3 P 0
L 1.23839 3.52657 1.26988 3.52657 3 P 0
L 1.1872 3.64744 1.17776 3.66043 3 P 0
L 1.17776 3.66043 1.19665 3.66043 3 P 0
L 1.19665 3.66043 1.1872 3.64744 3 P 0
L 1.81407 0.387686 1.81407 0.369004 3 P 0
L 1.85522 0.387686 1.85522 0.369004 3 P 0
L 3.03572 2.21614 3.04853 2.21614 3 P 0
L 3.03572 2.17598 3.04853 2.17598 3 P 0
L 3.34055 1.89439 3.35923 1.89439 3 P 0
L 3.34055 1.85325 3.35923 1.85325 3 P 0
L 1.7498 3.48208 1.7498 3.47618 3 P 0
L 1.7498 3.48208 1.92776 3.48208 3 P 0
L 1.7498 3.30413 1.7498 3.31004 3 P 0
L 1.7498 3.30413 1.92776 3.30413 3 P 0
L 1.92776 3.48208 1.92776 3.47618 3 P 0
L 1.92776 3.30413 1.92776 3.31004 3 P 0
L 0.206943 3.18031 0.219041 3.18031 3 P 0
L 0.206943 3.15039 0.219041 3.15039 3 P 0
L 1.95089 0.67992 1.93769 0.67992 3 P 0
L 1.95089 0.649999 1.93769 0.649999 3 P 0
L 1.993 0.62057 1.97432 0.62057 3 P 0
L 1.993 0.579428 1.97432 0.579428 3 P 0
L 0.519144 2.89331 0.507627 2.89331 3 P 0
L 0.519144 2.85315 0.507627 2.85315 3 P 0
L 0.139227 2.92126 0.151324 2.92126 3 P 0
L 0.139227 2.89134 0.151324 2.89134 3 P 0
L 0.026378 3.79252 0.07874 3.79252 3 P 0
L 0.026378 3.74016 0.026378 3.79252 3 P 0
L 0.026378 3.69016 0.12874 3.69016 3 P 0
L 0.026378 3.58779 0.026378 3.69016 3 P 0
L 0.026378 3.58779 0.631102 3.58779 3 P 0
L 0.12874 3.79252 0.631102 3.79252 3 P 0
L 0.12874 3.69016 0.12874 3.79252 3 P 0
L 0.631102 3.58779 0.631102 3.79252 3 P 0
L 3.42008 2.79615 3.42008 2.80464 3 P 0
L 3.44842 2.79615 3.44842 2.80464 3 P 0
L 2.26526 3.49055 2.30463 3.49055 3 P 0
L 2.28494 3.51023 2.28494 3.47086 3 P 0
L 2.31407 3.51754 2.31407 3.45118 3 P 0
L 2.31407 3.51754 2.35598 3.55945 3 P 0
L 2.31407 3.26592 2.31407 3.33228 3 P 0
L 2.31407 3.26592 2.35598 3.22402 3 P 0
L 2.35598 3.55945 2.64951 3.55945 3 P 0
L 2.35598 3.22402 2.64951 3.22402 3 P 0
L 2.64951 3.55945 2.64951 3.45118 3 P 0
L 2.64951 3.22402 2.64951 3.33228 3 P 0
L 0.960925 0.268001 0.960925 0.249319 3 P 0
L 1.00207 0.268001 1.00207 0.249319 3 P 0
L 0.785433 1.26495 0.785433 1.27344 3 P 0
L 0.81378 1.26495 0.81378 1.27344 3 P 0
L 3.16663 3.70266 3.16663 3.6127 3 P 0
L 3.22451 3.70266 3.16663 3.70266 3 P 0
L 3.22451 3.6127 3.22451 3.70266 3 P 0
L 0.791142 3.49173 0.791142 3.48583 3 P 0
L 0.791142 3.49173 0.969095 3.49173 3 P 0
L 0.791142 3.31378 0.791142 3.31968 3 P 0
L 0.791142 3.31378 0.969095 3.31378 3 P 0
L 0.969095 3.49173 0.969095 3.48583 3 P 0
L 0.969095 3.31378 0.969095 3.31968 3 P 0
L 3.40285 3.50572 3.40285 3.52577 3 P 0
L 3.444 3.50572 3.444 3.52577 3 P 0
L 3.14605 1.83484 3.11456 1.83484 3 P 0
L 3.14605 1.83484 3.17755 1.83484 3 P 0
L 3.14605 1.71201 3.11456 1.71201 3 P 0
L 3.14605 1.71201 3.17755 1.71201 3 P 0
L 3.20668 1.70098 3.18778 1.70098 3 P 0
L 3.18778 1.70098 3.19723 1.71398 3 P 0
L 3.19723 1.71398 3.20668 1.70098 3 P 0
L 0.932677 0.578247 0.932677 0.575629 1 P 0
L 0.932677 0.470826 0.932677 0.468207 1 P 0
L 0.932677 0.468207 0.953898 0.468207 1 P 0
L 0.953898 0.578247 0.932677 0.578247 1 P 0
L 0.953898 0.578247 1.01146 0.578247 1 P 0
L 1.01146 0.468207 1.03268 0.468207 1 P 0
L 1.03268 0.578247 1.01146 0.578247 1 P 0
L 1.03268 0.575629 1.03268 0.578247 1 P 0
L 1.03268 0.468207 1.03268 0.470826 1 P 0
A 1.00503900 0.52322700 0.96031500 0.52322700 0.98267700 0.52322700 1 P 0 Y
A 0.96031500 0.52322700 1.00503900 0.52322700 0.98267700 0.52322700 1 P 0 Y
L 0.856191 2.72136 0.83751 2.72136 3 P 0
L 0.856191 2.68022 0.83751 2.68022 3 P 0
L 3.03847 2.15512 3.05129 2.15512 3 P 0
L 3.03847 2.11496 3.05129 2.11496 3 P 0
L 3.17618 0.740546 3.17618 0.110625 1 P 0
A 3.34881400 0.18936600 3.33307400 0.18936600 3.34094400 0.18936600 0 P 0 Y
A 3.33307400 0.18936600 3.34881400 0.18936600 3.34094400 0.18936600 0 P 0 Y
L 3.17913 1.35222 3.17913 1.36431 3 P 0
L 3.20905 1.35222 3.20905 1.36431 3 P 0
L 2.04173 1.01968 2.15197 1.01968 3 P 0
L 2.04173 0.940944 2.04173 1.01968 3 P 0
L 2.15197 1.01968 2.15197 0.940944 3 P 0
L 2.15197 0.940944 2.04173 0.940944 3 P 0
L 0.838386 2.62992 0.838386 2.63917 3 P 0
L 0.838386 2.36437 0.838386 2.38307 3 P 0
L 0.857087 2.64862 0.850197 2.64862 3 P 0
L 0.857087 2.36437 0.838386 2.36437 3 P 0
L 1.10394 2.64862 1.12264 2.64862 3 P 0
L 1.10394 2.36437 1.12264 2.36437 3 P 0
L 1.12264 2.64862 1.12264 2.62992 3 P 0
L 1.12264 2.36437 1.12264 2.38307 3 P 0
L 0.838386 2.64862 0.828937 2.66161 3 P 0
L 0.828937 2.66161 0.847835 2.66161 3 P 0
L 0.847835 2.66161 0.838386 2.64862 3 P 0
L 2.01821 0.399211 2.01821 0.377991 1 P 0
L 2.01821 0.320432 2.01821 0.299211 1 P 0
L 2.01821 0.299211 2.02083 0.299211 1 P 0
L 2.02083 0.399211 2.01821 0.399211 1 P 0
L 2.12563 0.299211 2.12825 0.299211 1 P 0
L 2.12825 0.399211 2.12563 0.399211 1 P 0
L 2.12825 0.377991 2.12825 0.399211 1 P 0
L 2.12825 0.377991 2.12825 0.320432 1 P 0
L 2.12825 0.299211 2.12825 0.320432 1 P 0
A 2.09559100 0.34921100 2.05086600 0.34921100 2.07322800 0.34921100 1 P 0 Y
A 2.05086600 0.34921100 2.09559100 0.34921100 2.07322800 0.34921100 1 P 0 Y
L 3.76752 3.5617 3.76752 3.54164 3 P 0
L 3.80866 3.5617 3.80866 3.54164 3 P 0
L 2.46732 3.79252 2.51968 3.79252 3 P 0
L 2.46732 3.74016 2.46732 3.79252 3 P 0
L 2.46732 3.69016 2.56968 3.69016 3 P 0
L 2.46732 3.58779 2.46732 3.69016 3 P 0
L 2.46732 3.58779 3.07205 3.58779 3 P 0
L 2.56968 3.79252 3.07205 3.79252 3 P 0
L 2.56968 3.69016 2.56968 3.79252 3 P 0
L 3.07205 3.58779 3.07205 3.79252 3 P 0
A 3.82047200 2.75196700 3.70236200 2.75196700 3.76141700 2.75196700 3 P 0 Y
A 3.70236200 2.75196700 3.82047200 2.75196700 3.76141700 2.75196700 3 P 0 Y
L 3.21063 2.76886 3.21063 2.77736 3 P 0
L 3.23898 2.76886 3.23898 2.77736 3 P 0
L 1.05267 2.71496 1.04418 2.71496 3 P 0
L 1.05267 2.68661 1.04418 2.68661 3 P 0
L 3.4122 2.86208 3.25 2.86208 3 P 0
L 3.4122 2.72744 3.4122 2.86208 3 P 0
L 3.79572 3.39646 3.73971 3.39646 3 P 0
L 3.79572 3.3248 3.73971 3.3248 3 P 0
L 2.10925 3.66653 2.10039 3.66653 7 P 0
L 2.20866 3.66653 2.1998 3.66653 7 P 0
L 2.20866 3.57598 2.1998 3.57598 7 P 0
L 3.46889 3.43002 3.44883 3.43002 3 P 0
L 3.46889 3.38888 3.44883 3.38888 3 P 0
L 1.48228 0.766534 1.48228 0.745314 1 P 0
L 1.48228 0.687755 1.48228 0.745314 1 P 0
L 1.48228 0.687755 1.48228 0.666534 1 P 0
L 1.48228 0.666534 1.4849 0.666534 1 P 0
L 1.4849 0.766534 1.48228 0.766534 1 P 0
L 1.5897 0.666534 1.59232 0.666534 1 P 0
L 1.59232 0.766534 1.5897 0.766534 1 P 0
L 1.59232 0.745314 1.59232 0.766534 1 P 0
L 1.59232 0.666534 1.59232 0.687755 1 P 0
A 1.55966500 0.71653400 1.51494100 0.71653400 1.53730300 0.71653400 1 P 0 Y
A 1.51494100 0.71653400 1.55966500 0.71653400 1.53730300 0.71653400 1 P 0 Y
L 3.23798 1.83219 3.23798 1.85087 3 P 0
L 3.27912 1.83219 3.27912 1.85087 3 P 0
L 1.94518 3.58456 1.94518 3.60324 3 P 0
L 1.98632 3.58456 1.98632 3.60324 3 P 0
L 1.73652 0.387292 1.73652 0.368611 3 P 0
L 1.77766 0.387292 1.77766 0.368611 3 P 0
L 1.38897 3.64222 1.37028 3.64222 3 P 0
L 1.38897 3.60108 1.37028 3.60108 3 P 0
L 1.06113 1.2749 1.05264 1.2749 3 P 0
L 1.06113 1.24655 1.05264 1.24655 3 P 0
L 1.19547 0.961613 1.19547 0.993109 3 P 0
L 1.19547 0.961613 1.19547 0.930117 3 P 0
L 1.31831 0.961613 1.31831 0.993109 3 P 0
L 1.31831 0.961613 1.31831 0.930117 3 P 0
L 1.19744 0.910432 1.18445 0.900983 3 P 0
L 1.18445 0.900983 1.18445 0.919881 3 P 0
L 1.18445 0.919881 1.19744 0.910432 3 P 0
L 1.80861 0.738778 1.82013 0.738778 3 P 0
L 1.80861 0.698621 1.82013 0.698621 3 P 0
L 1.46614 0.386219 1.46614 0.364999 1 P 0
L 1.46614 0.30744 1.46614 0.364999 1 P 0
L 1.46614 0.30744 1.46614 0.286219 1 P 0
L 1.46614 0.286219 1.46876 0.286219 1 P 0
L 1.46876 0.386219 1.46614 0.386219 1 P 0
L 1.57356 0.286219 1.57618 0.286219 1 P 0
L 1.57618 0.386219 1.57356 0.386219 1 P 0
L 1.57618 0.364999 1.57618 0.386219 1 P 0
L 1.57618 0.286219 1.57618 0.30744 1 P 0
A 1.54352400 0.33621900 1.49879900 0.33621900 1.52116100 0.33621900 1 P 0 Y
A 1.49879900 0.33621900 1.54352400 0.33621900 1.52116100 0.33621900 1 P 0 Y
L 3.20848 3.13762 3.20848 3.12322 6 P 0
L 3.20848 2.94702 3.20848 2.93262 6 P 0
L 3.20848 2.93262 3.22288 2.93262 6 P 0
L 3.22288 3.13762 3.20848 3.13762 6 P 0
L 3.39908 2.93262 3.41348 2.93262 6 P 0
L 3.41348 3.13762 3.39908 3.13762 6 P 0
L 3.41348 3.12322 3.41348 3.13762 6 P 0
L 3.41348 2.93262 3.41348 2.94702 6 P 0
A 1.11102400 3.72086500 0.99291300 3.72086500 1.05196900 3.72086500 3 P 0 Y
A 0.99291300 3.72086500 1.11102400 3.72086500 1.05196900 3.72086500 3 P 0 Y
L 2.63518 0.944487 2.62308 0.944487 3 P 0
L 2.63518 0.914566 2.62308 0.914566 3 P 0
L 0.864258 2.76653 0.872749 2.76653 3 P 0
L 0.864258 2.73819 0.872749 2.73819 3 P 0
L 1.70453 3.56505 1.70453 3.54637 3 P 0
L 1.74567 3.56505 1.74567 3.54637 3 P 0
L 3.62037 3.5374 3.62037 3.5689 3 P 0
L 3.62037 3.5374 3.62037 3.5059 3 P 0
L 3.74321 3.5374 3.74321 3.5689 3 P 0
L 3.74321 3.5374 3.74321 3.5059 3 P 0
L 3.75423 3.57913 3.74124 3.58858 3 P 0
L 3.74124 3.58858 3.75423 3.59803 3 P 0
L 3.75423 3.59803 3.75423 3.57913 3 P 0
L 0.764075 0.469792 0.764075 0.488473 3 P 0
L 0.805217 0.469792 0.805217 0.488473 3 P 0
L 1.75465 0.218109 1.75465 0.207479 8 P 0
L 1.75465 0.126377 1.75465 0.115747 8 P 0
L 1.83524 0.218109 1.83524 0.207479 8 P 0
L 1.83524 0.126377 1.83524 0.115747 8 P 0
A 1.74376000 0.20629800 1.73588600 0.20629800 1.73982300 0.20629800 2 P 0 Y
A 1.73588600 0.20629800 1.74376000 0.20629800 1.73982300 0.20629800 2 P 0 Y
L 2.33779 3.78258 2.33779 3.65423 3 P 0
L 2.40472 3.78258 2.33779 3.78258 3 P 0
L 2.40472 3.78258 2.40472 3.65423 3 P 0
A 1.64527600 2.99606200 1.52716500 2.99606200 1.58622100 2.99606200 3 P 0 Y
A 1.52716500 2.99606200 1.64527600 2.99606200 1.58622100 2.99606200 3 P 0 Y
L 0.924902 1.01467 0.924902 1.03336 3 P 0
L 0.966043 1.01467 0.966043 1.03336 3 P 0
L 3.32658 0.909251 3.32658 0.961613 3 P 0
L 3.37028 0.909251 3.32658 0.909251 3 P 0
L 3.42894 1.47579 3.41161 1.47579 3 P 0
L 3.42894 1.44744 3.41161 1.44744 3 P 0
L 3.42894 1.37579 3.41161 1.37579 3 P 0
L 3.42894 1.34744 3.41161 1.34744 3 P 0
L 3.42894 1.27579 3.41161 1.27579 3 P 0
L 3.42894 1.24744 3.41161 1.24744 3 P 0
L 3.42894 1.17579 3.41161 1.17579 3 P 0
L 3.42894 1.14744 3.41161 1.14744 3 P 0
L 3.42894 1.07579 3.41161 1.07579 3 P 0
L 3.42894 1.04744 3.41161 1.04744 3 P 0
L 3.42894 0.975786 3.41398 0.975786 3 P 0
L 3.42894 0.94744 3.41398 0.94744 3 P 0
L 3.52776 1.47579 3.51161 1.47579 3 P 0
L 3.52776 1.44744 3.51161 1.44744 3 P 0
L 3.52776 1.37579 3.51161 1.37579 3 P 0
L 3.52776 1.34744 3.51161 1.34744 3 P 0
L 3.52776 1.27579 3.51161 1.27579 3 P 0
L 3.52776 1.24744 3.51161 1.24744 3 P 0
L 3.52776 1.17579 3.51161 1.17579 3 P 0
L 3.52776 1.14744 3.51161 1.14744 3 P 0
L 3.52776 1.07579 3.51161 1.07579 3 P 0
L 3.52776 1.04744 3.51161 1.04744 3 P 0
L 3.52776 0.975786 3.51161 0.975786 3 P 0
L 3.52776 0.94744 3.51161 0.94744 3 P 0
L 3.52776 0.909251 3.52776 1.51397 3 P 0
L 3.86752 1.51397 3.52776 1.51397 3 P 0
L 3.86752 1.41161 3.52776 1.41161 3 P 0
L 3.86752 1.31161 3.52776 1.31161 3 P 0
L 3.86752 1.21161 3.52776 1.21161 3 P 0
L 3.86752 1.11161 3.52776 1.11161 3 P 0
L 3.86752 1.01161 3.52776 1.01161 3 P 0
L 3.86752 1.00696 3.52776 1.00696 3 P 0
L 3.86752 1.00231 3.52776 1.00231 3 P 0
L 3.86752 0.997665 3.52776 0.997665 3 P 0
L 3.86752 0.993015 3.52776 0.993015 3 P 0
L 3.86752 0.988366 3.52776 0.988366 3 P 0
L 3.86752 0.983716 3.52776 0.983716 3 P 0
L 3.86752 0.979067 3.52776 0.979067 3 P 0
L 3.86752 0.974417 3.52776 0.974417 3 P 0
L 3.86752 0.969768 3.52776 0.969768 3 P 0
L 3.86752 0.965119 3.52776 0.965119 3 P 0
L 3.86752 0.960469 3.52776 0.960469 3 P 0
L 3.86752 0.95582 3.52776 0.95582 3 P 0
L 3.86752 0.95117 3.52776 0.95117 3 P 0
L 3.86752 0.946521 3.52776 0.946521 3 P 0
L 3.86752 0.941872 3.52776 0.941872 3 P 0
L 3.86752 0.937222 3.52776 0.937222 3 P 0
L 3.86752 0.932573 3.52776 0.932573 3 P 0
L 3.86752 0.927923 3.52776 0.927923 3 P 0
L 3.86752 0.923274 3.52776 0.923274 3 P 0
L 3.86752 0.918625 3.52776 0.918625 3 P 0
L 3.86752 0.913975 3.52776 0.913975 3 P 0
L 3.86752 0.909251 3.52776 0.909251 3 P 0
L 3.86752 0.909251 3.86752 1.51397 3 P 0
L 3.30679 3.57569 3.27529 3.57569 3 P 0
L 3.30679 3.57569 3.33829 3.57569 3 P 0
L 3.30679 3.45285 3.27529 3.45285 3 P 0
L 3.30679 3.45285 3.33829 3.45285 3 P 0
L 3.25561 3.57372 3.24616 3.58671 3 P 0
L 3.24616 3.58671 3.26506 3.58671 3 P 0
L 3.26506 3.58671 3.25561 3.57372 3 P 0
L 1.54902 0.499319 1.54902 0.518001 3 P 0
L 1.59016 0.499319 1.59016 0.518001 3 P 0
L 3.38888 2.90421 3.37568 2.90421 3 P 0
L 3.38888 2.87429 3.37568 2.87429 3 P 0
L 0.930315 0.170766 0.930315 0.168148 1 P 0
L 0.930315 0.063345 0.930315 0.060727 1 P 0
L 0.930315 0.060727 0.951535 0.060727 1 P 0
L 0.951535 0.170766 0.930315 0.170766 1 P 0
L 1.00909 0.060727 0.951535 0.060727 1 P 0
L 1.00909 0.060727 1.03031 0.060727 1 P 0
L 1.03031 0.170766 1.00909 0.170766 1 P 0
L 1.03031 0.168148 1.03031 0.170766 1 P 0
L 1.03031 0.060727 1.03031 0.063345 1 P 0
A 1.00267700 0.11574700 0.95795300 0.11574700 0.98031500 0.11574700 1 P 0 Y
A 0.95795300 0.11574700 1.00267700 0.11574700 0.98031500 0.11574700 1 P 0 Y
L 1.28514 0.804142 1.28514 0.822824 3 P 0
L 1.32628 0.804142 1.32628 0.822824 3 P 0
L 1.23414 0.863877 1.24263 0.863877 3 P 0
L 1.23414 0.83553 1.24263 0.83553 3 P 0
L 1.93927 0.508513 1.93927 0.496996 3 P 0
L 1.97943 0.508513 1.97943 0.496996 3 P 0
L 1.61161 2.81257 1.61161 2.82364 3 P 0
L 1.65177 2.81257 1.65177 2.82364 3 P 0
L 0.744537 0.342322 0.756054 0.342322 3 P 0
L 0.744537 0.302164 0.756054 0.302164 3 P 0
L 1.13159 0.880815 1.13159 0.899497 3 P 0
L 1.17274 0.880815 1.17274 0.899497 3 P 0
L 1.74455 0.268596 1.74455 0.281795 3 P 0
L 1.77447 0.268596 1.77447 0.281795 3 P 0
L 1.69418 0.73553 1.6755 0.73553 3 P 0
L 1.69418 0.694389 1.6755 0.694389 3 P 0
L 1.00216 3.3739 1.00216 3.35602 3 P 0
L 1.06004 3.3739 1.06004 3.35602 3 P 0
L 1.93976 3.4865 1.93976 3.49499 3 P 0
L 1.96811 3.4865 1.96811 3.49499 3 P 0
A 0.88070900 0.99212500 0.76259800 0.99212500 0.82165400 0.99212500 3 P 0 Y
A 0.76259800 0.99212500 0.88070900 0.99212500 0.82165400 0.99212500 3 P 0 Y
A 1.02637800 0.79409300 0.90826800 0.79409300 0.96732300 0.79409300 3 P 0 Y
A 0.90826800 0.79409300 1.02637800 0.79409300 0.96732300 0.79409300 3 P 0 Y
L 1.67194 0.674015 1.68514 0.674015 3 P 0
L 1.67194 0.644093 1.68514 0.644093 3 P 0
L 1.62746 0.815048 1.62746 0.796367 3 P 0
L 1.6686 0.815048 1.6686 0.796367 3 P 0
L -0.007874 2.83583 0.351575 2.83583 5 P 0
L 0.351575 2.20433 -0.007874 2.20433 5 P 0
L 0.452362 2.83583 0.691339 2.83583 5 P 0
L 0.691339 2.83583 0.691339 2.20433 5 P 0
L 0.691339 2.20433 0.452362 2.20433 5 P 0
L 2.00423 3.51269 2.00423 3.494 3 P 0
L 2.04537 3.51269 2.04537 3.494 3 P 0
L 1.65925 3.568 1.65925 3.57649 3 P 0
L 1.6876 3.568 1.6876 3.57649 3 P 0
A 2.36614200 0.67716400 2.24803200 0.67716400 2.30708700 0.67716400 3 P 0 Y
A 2.24803200 0.67716400 2.36614200 0.67716400 2.30708700 0.67716400 3 P 0 Y
L 1.62393 0.626475 1.64261 0.626475 3 P 0
L 1.62393 0.585333 1.64261 0.585333 3 P 0
L 1.71693 0.960629 1.82716 0.960629 3 P 0
L 1.71693 0.881889 1.71693 0.960629 3 P 0
L 1.82716 0.960629 1.82716 0.881889 3 P 0
L 1.82716 0.881889 1.71693 0.881889 3 P 0
L 1.79862 0.568896 1.73957 0.568896 3 P 0
L 1.79862 0.568896 1.85768 0.568896 3 P 0
L 1.79862 0.442125 1.73957 0.442125 3 P 0
L 1.79862 0.442125 1.85768 0.442125 3 P 0
L 1.89518 0.434054 1.87628 0.434054 3 P 0
L 1.87628 0.434054 1.88573 0.447046 3 P 0
L 1.88573 0.447046 1.89518 0.434054 3 P 0
L 0.137652 2.99252 0.14975 2.99252 3 P 0
L 0.137652 2.9626 0.14975 2.9626 3 P 0
L 1.04065 3.51072 1.04065 3.49204 3 P 0
L 1.08179 3.51072 1.08179 3.49204 3 P 0
L 1.75344 0.801682 1.75344 0.820363 3 P 0
L 1.79459 0.801682 1.79459 0.820363 3 P 0
L 2.79449 0.978739 2.84685 0.978739 3 P 0
L 2.79449 0.926377 2.79449 0.978739 3 P 0
L 2.79449 0.876377 2.89685 0.876377 3 P 0
L 2.79449 0.774015 2.79449 0.876377 3 P 0
L 2.79449 0.774015 3.09921 0.774015 3 P 0
L 2.89685 0.978739 3.09921 0.978739 3 P 0
L 2.89685 0.876377 2.89685 0.978739 3 P 0
L 3.09921 0.774015 3.09921 0.978739 3 P 0
L 2.32786 3.61663 2.34655 3.61663 3 P 0
L 2.32786 3.57549 2.34655 3.57549 3 P 0
L 1.06506 0.818217 1.06506 0.836899 3 P 0
L 1.1062 0.818217 1.1062 0.836899 3 P 0
L 3.16417 3.50424 3.16417 3.5243 3 P 0
L 3.20531 3.50424 3.20531 3.5243 3 P 0
L 1.13366 3.51555 1.13366 3.50964 3 P 0
L 1.13366 3.51555 1.31161 3.51555 3 P 0
L 1.13366 3.3376 1.13366 3.3435 3 P 0
L 1.13366 3.3376 1.31161 3.3376 3 P 0
L 1.31161 3.51555 1.31161 3.50964 3 P 0
L 1.31161 3.3376 1.31161 3.3435 3 P 0
L 2.03691 0.769881 2.03691 0.74866 1 P 0
L 2.03691 0.691101 2.03691 0.669881 1 P 0
L 2.03691 0.669881 2.03953 0.669881 1 P 0
L 2.03953 0.769881 2.03691 0.769881 1 P 0
L 2.14433 0.669881 2.14695 0.669881 1 P 0
L 2.14695 0.769881 2.14433 0.769881 1 P 0
L 2.14695 0.74866 2.14695 0.769881 1 P 0
L 2.14695 0.74866 2.14695 0.691101 1 P 0
L 2.14695 0.669881 2.14695 0.691101 1 P 0
A 2.11429100 0.71988100 2.06956700 0.71988100 2.09192900 0.71988100 1 P 0 Y
A 2.06956700 0.71988100 2.11429100 0.71988100 2.09192900 0.71988100 1 P 0 Y
L 1.93534 0.739467 1.95403 0.739467 3 P 0
L 1.93534 0.698326 1.95403 0.698326 3 P 0
L 3.10208 0.418601 3.12076 0.418601 3 P 0
L 3.10208 0.377459 3.12076 0.377459 3 P 0
L 1.67588 0.360333 1.65719 0.360333 3 P 0
L 1.67588 0.319192 1.65719 0.319192 3 P 0
L 0.766831 0.222941 0.766831 0.241623 3 P 0
L 0.807972 0.222941 0.807972 0.241623 3 P 0
L 1.46634 3.52146 1.46634 3.51555 3 P 0
L 1.46634 3.52146 1.64429 3.52146 3 P 0
L 1.46634 3.3435 1.46634 3.34941 3 P 0
L 1.46634 3.3435 1.64429 3.3435 3 P 0
L 1.64429 3.52146 1.64429 3.51555 3 P 0
L 1.64429 3.3435 1.64429 3.34941 3 P 0
L 3.50464 3.63868 3.52332 3.63868 3 P 0
L 3.50464 3.59754 3.52332 3.59754 3 P 0
L 0.911024 2.88779 0.911024 2.72559 3 P 0
L 1.04567 2.88779 0.911024 2.88779 3 P 0
L 1.56959 3.65531 1.53809 3.65531 3 P 0
L 1.56959 3.65531 1.60108 3.65531 3 P 0
L 1.56959 3.53248 1.53809 3.53248 3 P 0
L 1.56959 3.53248 1.60108 3.53248 3 P 0
L 1.51841 3.65334 1.50896 3.66634 3 P 0
L 1.50896 3.66634 1.52785 3.66634 3 P 0
L 1.52785 3.66634 1.51841 3.65334 3 P 0
L 1.82677 2.88583 1.66457 2.88583 3 P 0
L 1.82677 2.75118 1.82677 2.88583 3 P 0
L 1.81968 0.269384 1.81968 0.282582 3 P 0
L 1.84961 0.269384 1.84961 0.282582 3 P 0
L 1.38465 3.54044 1.38465 3.52176 3 P 0
L 1.42579 3.54044 1.42579 3.52176 3 P 0
L 0.960532 0.367823 0.960532 0.386505 3 P 0
L 1.00167 0.367823 1.00167 0.386505 3 P 0
L 0.989173 1.02913 0.989173 1.05472 3 P 0
L 0.989173 1.02913 0.989173 1.00354 3 P 0
L 1.11201 1.02913 1.11201 1.05472 3 P 0
L 1.11201 1.02913 1.11201 1.00354 3 P 0
L 0.991142 0.983365 0.97815 0.973916 3 P 0
L 0.97815 0.973916 0.97815 0.992814 3 P 0
L 0.97815 0.992814 0.991142 0.983365 3 P 0
L 0.979626 3.57274 0.979626 3.59143 3 P 0
L 1.02077 3.57274 1.02077 3.59143 3 P 0
L 1.84813 3.61791 1.81663 3.61791 3 P 0
L 1.84813 3.61791 1.87963 3.61791 3 P 0
L 1.84813 3.49508 1.81663 3.49508 3 P 0
L 1.84813 3.49508 1.87963 3.49508 3 P 0
L 1.79695 3.61594 1.7875 3.62894 3 P 0
L 1.7875 3.62894 1.8064 3.62894 3 P 0
L 1.8064 3.62894 1.79695 3.61594 3 P 0
S P 0
OB 2.7047750000 2.0706080000 I
OS 2.7046800000 2.0696430000
OS 2.6905950000 2.0696430000
OS 2.6905000000 2.0706080000
OS 2.6900000000 2.0722550000
OS 2.6891890000 2.0737730000
OS 2.6880970000 2.0751030000
OS 2.6867670000 2.0761950000
OS 2.6852490000 2.0770060000
OS 2.6836020000 2.0775060000
OS 2.6818900000 2.0776750000
OS 2.6801770000 2.0775060000
OS 2.6785300000 2.0770060000
OS 2.6770120000 2.0761950000
OS 2.6756820000 2.0751030000
OS 2.6745900000 2.0737730000
OS 2.6737790000 2.0722550000
OS 2.6736360000 2.0717850000
OS 2.6735710000 2.0718650000
OS 2.6731090000 2.0727290000
OS 2.6728250000 2.0736670000
OS 2.6727290000 2.0746430000
OS 2.6728250000 2.0756180000
OS 2.6731090000 2.0765560000
OS 2.6735710000 2.0774200000
OS 2.6741930000 2.0781780000
OS 2.6749510000 2.0788000000
OS 2.6758150000 2.0792620000
OS 2.6767530000 2.0795460000
OS 2.6777290000 2.0796430000
OS 2.7277290000 2.0796430000
OS 2.7287040000 2.0795460000
OS 2.7296420000 2.0792620000
OS 2.7305060000 2.0788000000
OS 2.7312640000 2.0781780000
OS 2.7318860000 2.0774200000
OS 2.7323480000 2.0765560000
OS 2.7326320000 2.0756180000
OS 2.7327290000 2.0746430000
OS 2.7326320000 2.0736670000
OS 2.7323480000 2.0727290000
OS 2.7318860000 2.0718650000
OS 2.7312640000 2.0711070000
OS 2.7305060000 2.0704850000
OS 2.7296420000 2.0700230000
OS 2.7287040000 2.0697390000
OS 2.7277290000 2.0696430000
OS 2.7220910000 2.0696430000
OS 2.7219960000 2.0706080000
OS 2.7214960000 2.0722550000
OS 2.7206850000 2.0737730000
OS 2.7195930000 2.0751030000
OS 2.7182630000 2.0761950000
OS 2.7167450000 2.0770060000
OS 2.7150980000 2.0775060000
OS 2.7133860000 2.0776750000
OS 2.7116730000 2.0775060000
OS 2.7100260000 2.0770060000
OS 2.7085080000 2.0761950000
OS 2.7071780000 2.0751030000
OS 2.7060860000 2.0737730000
OS 2.7052750000 2.0722550000
OS 2.7047750000 2.0706080000
OE
SE
S P 0
OB 2.7263230000 2.1197390000 I
OS 2.7253480000 2.1196430000
OS 2.7243720000 2.1197390000
OS 2.7234340000 2.1200230000
OS 2.7225700000 2.1204850000
OS 2.7218120000 2.1211070000
OS 2.7194310000 2.1234880000
OS 2.7188090000 2.1242460000
OS 2.7185150000 2.1247960000
OS 2.7195930000 2.1256810000
OS 2.7206850000 2.1270110000
OS 2.7214960000 2.1285290000
OS 2.7219960000 2.1301760000
OS 2.7221650000 2.1318890000
OS 2.7221600000 2.1319440000
OS 2.7229670000 2.1320240000
OS 2.7239420000 2.1319270000
OS 2.7248800000 2.1316430000
OS 2.7257440000 2.1311810000
OS 2.7265020000 2.1305590000
OS 2.7288830000 2.1281780000
OS 2.7295050000 2.1274200000
OS 2.7299670000 2.1265560000
OS 2.7302510000 2.1256180000
OS 2.7303480000 2.1246430000
OS 2.7302510000 2.1236670000
OS 2.7299670000 2.1227290000
OS 2.7295050000 2.1218650000
OS 2.7288830000 2.1211070000
OS 2.7281250000 2.1204850000
OS 2.7272610000 2.1200230000
OS 2.7263230000 2.1197390000
OE
SE
S P 0
OB 2.7263230000 2.1006910000 I
OS 2.7253480000 2.1005950000
OS 2.7243720000 2.1006910000
OS 2.7234340000 2.1009750000
OS 2.7225700000 2.1014370000
OS 2.7220170000 2.1018910000
OS 2.7219960000 2.1021040000
OS 2.7214960000 2.1037510000
OS 2.7206850000 2.1052690000
OS 2.7203550000 2.1056700000
OS 2.7204440000 2.1065700000
OS 2.7206040000 2.1071760000
OS 2.7229850000 2.1143190000
OS 2.7231090000 2.1146510000
OS 2.7235710000 2.1155150000
OS 2.7241930000 2.1162730000
OS 2.7249510000 2.1168950000
OS 2.7258150000 2.1173570000
OS 2.7267530000 2.1176410000
OS 2.7277290000 2.1177380000
OS 2.7287040000 2.1176410000
OS 2.7296420000 2.1173570000
OS 2.7305060000 2.1168950000
OS 2.7312640000 2.1162730000
OS 2.7318860000 2.1155150000
OS 2.7323480000 2.1146510000
OS 2.7326320000 2.1137130000
OS 2.7327290000 2.1127380000
OS 2.7326320000 2.1117620000
OS 2.7324720000 2.1111560000
OS 2.7300910000 2.1040130000
OS 2.7299670000 2.1036810000
OS 2.7295050000 2.1028170000
OS 2.7288830000 2.1020590000
OS 2.7281250000 2.1014370000
OS 2.7272610000 2.1009750000
OS 2.7263230000 2.1006910000
OE
SE
S P 0
OB 2.7215610000 2.0959290000 I
OS 2.7208700000 2.0958610000
OS 2.7214960000 2.0970320000
OS 2.7219960000 2.0986790000
OS 2.7221650000 2.1003920000
OS 2.7219960000 2.1021040000
OS 2.7214960000 2.1037510000
OS 2.7206850000 2.1052690000
OS 2.7195930000 2.1065990000
OS 2.7194220000 2.1067400000
OS 2.7218120000 2.1091300000
OS 2.7225700000 2.1097520000
OS 2.7234340000 2.1102140000
OS 2.7243720000 2.1104980000
OS 2.7253480000 2.1105950000
OS 2.7263230000 2.1104980000
OS 2.7272610000 2.1102140000
OS 2.7281250000 2.1097520000
OS 2.7288830000 2.1091300000
OS 2.7295050000 2.1083720000
OS 2.7299670000 2.1075080000
OS 2.7302510000 2.1065700000
OS 2.7303480000 2.1055950000
OS 2.7302510000 2.1046190000
OS 2.7299670000 2.1036810000
OS 2.7295050000 2.1028170000
OS 2.7288830000 2.1020590000
OS 2.7241210000 2.0972970000
OS 2.7233630000 2.0966750000
OS 2.7224990000 2.0962130000
OS 2.7215610000 2.0959290000
OE
SE
S P 0
OB 2.7228220000 2.0963600000 I
OS 2.7203750000 2.0951370000
OS 2.7206850000 2.0955140000
OS 2.7214960000 2.0970320000
OS 2.7219960000 2.0986790000
OS 2.7221650000 2.1003920000
OS 2.7219960000 2.1021040000
OS 2.7214960000 2.1037510000
OS 2.7206850000 2.1052690000
OS 2.7202490000 2.1058000000
OS 2.7205860000 2.1058330000
OS 2.7215610000 2.1057360000
OS 2.7224990000 2.1054520000
OS 2.7233630000 2.1049900000
OS 2.7241210000 2.1043680000
OS 2.7247430000 2.1036100000
OS 2.7252050000 2.1027460000
OS 2.7254890000 2.1018080000
OS 2.7255860000 2.1008330000
OS 2.7254890000 2.0998570000
OS 2.7252050000 2.0989190000
OS 2.7247430000 2.0980550000
OS 2.7241210000 2.0972970000
OS 2.7233630000 2.0966750000
OS 2.7228220000 2.0963600000
OE
SE
S P 0
OB 2.7072760000 2.0911670000 I
OS 2.7063010000 2.0910710000
OS 2.7053250000 2.0911670000
OS 2.7043870000 2.0914510000
OS 2.7035230000 2.0919130000
OS 2.7027650000 2.0925350000
OS 2.7021430000 2.0932930000
OS 2.7016810000 2.0941570000
OS 2.7013970000 2.0950950000
OS 2.7013010000 2.0960710000
OS 2.7013970000 2.0970460000
OS 2.7016810000 2.0979840000
OS 2.7021430000 2.0988480000
OS 2.7027650000 2.0996060000
OS 2.7035230000 2.1002280000
OS 2.7043870000 2.1006900000
OS 2.7046450000 2.1007750000
OS 2.7046070000 2.1003920000
OS 2.7047750000 2.0986790000
OS 2.7052750000 2.0970320000
OS 2.7060860000 2.0955140000
OS 2.7071780000 2.0941840000
OS 2.7085080000 2.0930920000
OS 2.7100260000 2.0922810000
OS 2.7108080000 2.0920440000
OS 2.7075130000 2.0912200000
OS 2.7072760000 2.0911670000
OE
SE
S P 0
OB 2.7072760000 2.0911670000 I
OS 2.7063010000 2.0910710000
OS 2.6991580000 2.0910710000
OS 2.6981820000 2.0911670000
OS 2.6972440000 2.0914510000
OS 2.6963800000 2.0919130000
OS 2.6956220000 2.0925350000
OS 2.6950000000 2.0932930000
OS 2.6945380000 2.0941570000
OS 2.6942540000 2.0950950000
OS 2.6941580000 2.0960710000
OS 2.6942540000 2.0970460000
OS 2.6945380000 2.0979840000
OS 2.6950000000 2.0988480000
OS 2.6956220000 2.0996060000
OS 2.6963800000 2.1002280000
OS 2.6972440000 2.1006900000
OS 2.6981820000 2.1009740000
OS 2.6991580000 2.1010710000
OS 2.7046740000 2.1010710000
OS 2.7046070000 2.1003920000
OS 2.7047750000 2.0986790000
OS 2.7052750000 2.0970320000
OS 2.7060860000 2.0955140000
OS 2.7071780000 2.0941840000
OS 2.7085080000 2.0930920000
OS 2.7097230000 2.0924430000
OS 2.7090780000 2.0919130000
OS 2.7082140000 2.0914510000
OS 2.7072760000 2.0911670000
OE
SE
S P 0
OB 2.7001330000 2.0911670000 I
OS 2.6991580000 2.0910710000
OS 2.6981820000 2.0911670000
OS 2.6979450000 2.0912200000
OS 2.6884210000 2.0936010000
OS 2.6877200000 2.0938320000
OS 2.6876890000 2.0938490000
OS 2.6880970000 2.0941840000
OS 2.6891890000 2.0955140000
OS 2.6900000000 2.0970320000
OS 2.6905000000 2.0986790000
OS 2.6906690000 2.1003920000
OS 2.6905000000 2.1021040000
OS 2.6901050000 2.1034050000
OS 2.6906090000 2.1033550000
OS 2.6908460000 2.1033020000
OS 2.7003700000 2.1009210000
OS 2.7010710000 2.1006900000
OS 2.7019350000 2.1002280000
OS 2.7026930000 2.0996060000
OS 2.7033150000 2.0988480000
OS 2.7037770000 2.0979840000
OS 2.7040610000 2.0970460000
OS 2.7041580000 2.0960710000
OS 2.7040610000 2.0950950000
OS 2.7037770000 2.0941570000
OS 2.7033150000 2.0932930000
OS 2.7026930000 2.0925350000
OS 2.7019350000 2.0919130000
OS 2.7010710000 2.0914510000
OS 2.7001330000 2.0911670000
OE
SE
S P 0
OB 2.6906090000 2.0935480000 I
OS 2.6896340000 2.0934520000
OS 2.6886580000 2.0935480000
OS 2.6877200000 2.0938320000
OS 2.6876870000 2.0938470000
OS 2.6880970000 2.0941840000
OS 2.6891890000 2.0955140000
OS 2.6900000000 2.0970320000
OS 2.6905000000 2.0986790000
OS 2.6906690000 2.1003920000
OS 2.6905000000 2.1021040000
OS 2.6900000000 2.1037510000
OS 2.6899210000 2.1038980000
OS 2.6918700000 2.1029240000
OS 2.6924110000 2.1026090000
OS 2.6931690000 2.1019870000
OS 2.6937910000 2.1012290000
OS 2.6942530000 2.1003650000
OS 2.6945370000 2.0994270000
OS 2.6946340000 2.0984520000
OS 2.6945370000 2.0974760000
OS 2.6942530000 2.0965380000
OS 2.6937910000 2.0956740000
OS 2.6931690000 2.0949160000
OS 2.6924110000 2.0942940000
OS 2.6915470000 2.0938320000
OS 2.6906090000 2.0935480000
OE
SE
S P 0
OB 2.6756820000 2.1065990000 I
OS 2.6751440000 2.1059440000
OS 2.6752060000 2.1065700000
OS 2.6754900000 2.1075080000
OS 2.6759520000 2.1083720000
OS 2.6765740000 2.1091300000
OS 2.6773320000 2.1097520000
OS 2.6781960000 2.1102140000
OS 2.6791340000 2.1104980000
OS 2.6801100000 2.1105950000
OS 2.6810850000 2.1104980000
OS 2.6820230000 2.1102140000
OS 2.6828870000 2.1097520000
OS 2.6836450000 2.1091300000
OS 2.6838480000 2.1089270000
OS 2.6836020000 2.1090020000
OS 2.6818900000 2.1091710000
OS 2.6801770000 2.1090020000
OS 2.6785300000 2.1085020000
OS 2.6770120000 2.1076910000
OS 2.6756820000 2.1065990000
OE
SE
S P 0
OB 2.6756820000 2.1065990000 I
OS 2.6748440000 2.1055790000
OS 2.6729850000 2.1111560000
OS 2.6728250000 2.1117620000
OS 2.6727290000 2.1127380000
OS 2.6728250000 2.1137130000
OS 2.6731090000 2.1146510000
OS 2.6735710000 2.1155150000
OS 2.6741930000 2.1162730000
OS 2.6749510000 2.1168950000
OS 2.6758150000 2.1173570000
OS 2.6767530000 2.1176410000
OS 2.6777290000 2.1177380000
OS 2.6787040000 2.1176410000
OS 2.6796420000 2.1173570000
OS 2.6805060000 2.1168950000
OS 2.6812640000 2.1162730000
OS 2.6818860000 2.1155150000
OS 2.6823480000 2.1146510000
OS 2.6824720000 2.1143190000
OS 2.6843170000 2.1087850000
OS 2.6836020000 2.1090020000
OS 2.6818900000 2.1091710000
OS 2.6801770000 2.1090020000
OS 2.6785300000 2.1085020000
OS 2.6770120000 2.1076910000
OS 2.6756820000 2.1065990000
OE
SE
S P 0
OB 2.6785300000 2.1085020000 I
OS 2.6771980000 2.1077900000
OS 2.6767530000 2.1078340000
OS 2.6758150000 2.1081180000
OS 2.6749510000 2.1085800000
OS 2.6741930000 2.1092020000
OS 2.6735710000 2.1099600000
OS 2.6731090000 2.1108240000
OS 2.6728250000 2.1117620000
OS 2.6727290000 2.1127380000
OS 2.6727290000 2.1175000000
OS 2.6728250000 2.1184750000
OS 2.6731090000 2.1194130000
OS 2.6735710000 2.1202770000
OS 2.6741930000 2.1210350000
OS 2.6749510000 2.1216570000
OS 2.6758150000 2.1221190000
OS 2.6767530000 2.1224030000
OS 2.6777290000 2.1225000000
OS 2.6787040000 2.1224030000
OS 2.6796420000 2.1221190000
OS 2.6805060000 2.1216570000
OS 2.6812640000 2.1210350000
OS 2.6818860000 2.1202770000
OS 2.6823480000 2.1194130000
OS 2.6826320000 2.1184750000
OS 2.6827290000 2.1175000000
OS 2.6827290000 2.1127380000
OS 2.6826320000 2.1117620000
OS 2.6823480000 2.1108240000
OS 2.6818860000 2.1099600000
OS 2.6812640000 2.1092020000
OS 2.6811360000 2.1090970000
OS 2.6801770000 2.1090020000
OS 2.6785300000 2.1085020000
OE
SE
S P 0
OB 2.6787040000 2.1125960000 I
OS 2.6777290000 2.1125000000
OS 2.6767530000 2.1125960000
OS 2.6758150000 2.1128800000
OS 2.6749510000 2.1133420000
OS 2.6741930000 2.1139640000
OS 2.6735710000 2.1147220000
OS 2.6731090000 2.1155860000
OS 2.6728250000 2.1165240000
OS 2.6727290000 2.1175000000
OS 2.6728250000 2.1184750000
OS 2.6729850000 2.1190810000
OS 2.6753290000 2.1261120000
OS 2.6756820000 2.1256810000
OS 2.6770120000 2.1245890000
OS 2.6785300000 2.1237780000
OS 2.6801770000 2.1232780000
OS 2.6818900000 2.1231100000
OS 2.6836020000 2.1232780000
OS 2.6850170000 2.1237080000
OS 2.6850130000 2.1236670000
OS 2.6848530000 2.1230610000
OS 2.6824720000 2.1159180000
OS 2.6823480000 2.1155860000
OS 2.6818860000 2.1147220000
OS 2.6812640000 2.1139640000
OS 2.6805060000 2.1133420000
OS 2.6796420000 2.1128800000
OS 2.6787040000 2.1125960000
OE
SE
S P 0
OB 2.6810850000 2.1197390000 I
OS 2.6801100000 2.1196430000
OS 2.6791340000 2.1197390000
OS 2.6781960000 2.1200230000
OS 2.6773320000 2.1204850000
OS 2.6765740000 2.1211070000
OS 2.6759520000 2.1218650000
OS 2.6754900000 2.1227290000
OS 2.6752060000 2.1236670000
OS 2.6751100000 2.1246430000
OS 2.6752060000 2.1256180000
OS 2.6753480000 2.1260880000
OS 2.6756820000 2.1256810000
OS 2.6770120000 2.1245890000
OS 2.6785300000 2.1237780000
OS 2.6801770000 2.1232780000
OS 2.6818900000 2.1231100000
OS 2.6836020000 2.1232780000
OS 2.6852490000 2.1237780000
OS 2.6867670000 2.1245890000
OS 2.6868820000 2.1246830000
OS 2.6866480000 2.1242460000
OS 2.6860260000 2.1234880000
OS 2.6836450000 2.1211070000
OS 2.6828870000 2.1204850000
OS 2.6820230000 2.1200230000
OS 2.6810850000 2.1197390000
OE
SE
S P 0
OB 2.6787040000 2.2483100000 I
OS 2.6777290000 2.2482140000
OS 2.6767530000 2.2483100000
OS 2.6758150000 2.2485940000
OS 2.6749510000 2.2490560000
OS 2.6741930000 2.2496780000
OS 2.6735710000 2.2504360000
OS 2.6731090000 2.2513000000
OS 2.6728250000 2.2522380000
OS 2.6727290000 2.2532140000
OS 2.6727290000 2.2579760000
OS 2.6728250000 2.2589510000
OS 2.6731090000 2.2598890000
OS 2.6735710000 2.2607530000
OS 2.6736700000 2.2608740000
OS 2.6732790000 2.2595850000
OS 2.6731110000 2.2578730000
OS 2.6732790000 2.2561600000
OS 2.6737790000 2.2545130000
OS 2.6745900000 2.2529950000
OS 2.6756820000 2.2516650000
OS 2.6770120000 2.2505730000
OS 2.6785300000 2.2497620000
OS 2.6801770000 2.2492620000
OS 2.6806950000 2.2492110000
OS 2.6805060000 2.2490560000
OS 2.6796420000 2.2485940000
OS 2.6787040000 2.2483100000
OE
SE
S P 0
OB 2.6732790000 2.2561600000 I
OS 2.6735710000 2.2551980000
OS 2.6731090000 2.2560620000
OS 2.6728250000 2.2570000000
OS 2.6727290000 2.2579760000
OS 2.6728250000 2.2589510000
OS 2.6731090000 2.2598890000
OS 2.6732560000 2.2602120000
OS 2.6756370000 2.2649740000
OS 2.6759520000 2.2655150000
OS 2.6765740000 2.2662730000
OS 2.6773320000 2.2668950000
OS 2.6781960000 2.2673570000
OS 2.6791340000 2.2676410000
OS 2.6801100000 2.2677370000
OS 2.6810850000 2.2676410000
OS 2.6820230000 2.2673570000
OS 2.6828870000 2.2668950000
OS 2.6833600000 2.2665070000
OS 2.6818900000 2.2666520000
OS 2.6801770000 2.2664830000
OS 2.6785300000 2.2659830000
OS 2.6770120000 2.2651720000
OS 2.6756820000 2.2640800000
OS 2.6745900000 2.2627500000
OS 2.6737790000 2.2612320000
OS 2.6732790000 2.2595850000
OS 2.6731110000 2.2578730000
OS 2.6732790000 2.2561600000
OE
SE
S P 0
OB 2.6756820000 2.2640800000 I
OS 2.6751820000 2.2634710000
OS 2.6752060000 2.2637130000
OS 2.6754900000 2.2646510000
OS 2.6759520000 2.2655150000
OS 2.6765740000 2.2662730000
OS 2.6789550000 2.2686540000
OS 2.6797130000 2.2692760000
OS 2.6805770000 2.2697380000
OS 2.6815150000 2.2700220000
OS 2.6824910000 2.2701190000
OS 2.6834660000 2.2700220000
OS 2.6844040000 2.2697380000
OS 2.6852680000 2.2692760000
OS 2.6860260000 2.2686540000
OS 2.6866480000 2.2678960000
OS 2.6871100000 2.2670320000
OS 2.6873940000 2.2660940000
OS 2.6874910000 2.2651190000
OS 2.6874410000 2.2646180000
OS 2.6867670000 2.2651720000
OS 2.6852490000 2.2659830000
OS 2.6836020000 2.2664830000
OS 2.6818900000 2.2666520000
OS 2.6801770000 2.2664830000
OS 2.6785300000 2.2659830000
OS 2.6770120000 2.2651720000
OS 2.6756820000 2.2640800000
OE
SE
S P 0
OB 2.6894890000 2.2630270000 I
OS 2.6891150000 2.2628400000
OS 2.6880970000 2.2640800000
OS 2.6867670000 2.2651720000
OS 2.6852490000 2.2659830000
OS 2.6836020000 2.2664830000
OS 2.6818900000 2.2666520000
OS 2.6801770000 2.2664830000
OS 2.6785300000 2.2659830000
OS 2.6775230000 2.2654450000
OS 2.6775870000 2.2660940000
OS 2.6778710000 2.2670320000
OS 2.6783330000 2.2678960000
OS 2.6789550000 2.2686540000
OS 2.6797130000 2.2692760000
OS 2.6802540000 2.2695910000
OS 2.6850160000 2.2719720000
OS 2.6853390000 2.2721190000
OS 2.6862770000 2.2724030000
OS 2.6872530000 2.2724990000
OS 2.6882280000 2.2724030000
OS 2.6891660000 2.2721190000
OS 2.6900300000 2.2716570000
OS 2.6907880000 2.2710350000
OS 2.6914100000 2.2702770000
OS 2.6918720000 2.2694130000
OS 2.6921560000 2.2684750000
OS 2.6922520000 2.2675000000
OS 2.6921560000 2.2665240000
OS 2.6918720000 2.2655860000
OS 2.6914100000 2.2647220000
OS 2.6907880000 2.2639640000
OS 2.6900300000 2.2633420000
OS 2.6894890000 2.2630270000
OE
SE
S P 0
OB 2.6979890000 2.2650300000 I
OS 2.6891350000 2.2628160000
OS 2.6880970000 2.2640800000
OS 2.6867670000 2.2651720000
OS 2.6852490000 2.2659830000
OS 2.6836020000 2.2664830000
OS 2.6823410000 2.2666080000
OS 2.6822530000 2.2675000000
OS 2.6823490000 2.2684750000
OS 2.6826330000 2.2694130000
OS 2.6830950000 2.2702770000
OS 2.6837170000 2.2710350000
OS 2.6844750000 2.2716570000
OS 2.6853390000 2.2721190000
OS 2.6860400000 2.2723500000
OS 2.6955640000 2.2747310000
OS 2.6958010000 2.2747840000
OS 2.6967770000 2.2748810000
OS 2.6977520000 2.2747840000
OS 2.6986900000 2.2745000000
OS 2.6995540000 2.2740380000
OS 2.7003120000 2.2734160000
OS 2.7009340000 2.2726580000
OS 2.7013960000 2.2717940000
OS 2.7016800000 2.2708560000
OS 2.7017770000 2.2698810000
OS 2.7016800000 2.2689050000
OS 2.7013960000 2.2679670000
OS 2.7009340000 2.2671030000
OS 2.7003120000 2.2663450000
OS 2.6995540000 2.2657230000
OS 2.6986900000 2.2652610000
OS 2.6979890000 2.2650300000
OE
SE
S P 0
OB 2.7085080000 2.2651720000 I
OS 2.7081540000 2.2648810000
OS 2.6967770000 2.2648810000
OS 2.6958010000 2.2649770000
OS 2.6948630000 2.2652610000
OS 2.6939990000 2.2657230000
OS 2.6932410000 2.2663450000
OS 2.6926190000 2.2671030000
OS 2.6921570000 2.2679670000
OS 2.6918730000 2.2689050000
OS 2.6917770000 2.2698810000
OS 2.6918730000 2.2708560000
OS 2.6921570000 2.2717940000
OS 2.6926190000 2.2726580000
OS 2.6932410000 2.2734160000
OS 2.6939990000 2.2740380000
OS 2.6948630000 2.2745000000
OS 2.6958010000 2.2747840000
OS 2.6967770000 2.2748810000
OS 2.7086810000 2.2748810000
OS 2.7096560000 2.2747840000
OS 2.7105940000 2.2745000000
OS 2.7114580000 2.2740380000
OS 2.7122160000 2.2734160000
OS 2.7128380000 2.2726580000
OS 2.7133000000 2.2717940000
OS 2.7135840000 2.2708560000
OS 2.7136810000 2.2698810000
OS 2.7135840000 2.2689050000
OS 2.7133000000 2.2679670000
OS 2.7128380000 2.2671030000
OS 2.7123870000 2.2665530000
OS 2.7116730000 2.2664830000
OS 2.7100260000 2.2659830000
OS 2.7085080000 2.2651720000
OE
SE
S P 0
OB 2.7209820000 2.2633420000 I
OS 2.7204380000 2.2630510000
OS 2.7195930000 2.2640800000
OS 2.7182630000 2.2651720000
OS 2.7167450000 2.2659830000
OS 2.7150980000 2.2664830000
OS 2.7133860000 2.2666520000
OS 2.7116730000 2.2664830000
OS 2.7100260000 2.2659830000
OS 2.7085080000 2.2651720000
OS 2.7081330000 2.2648640000
OS 2.7074680000 2.2650300000
OS 2.7067670000 2.2652610000
OS 2.7059030000 2.2657230000
OS 2.7051450000 2.2663450000
OS 2.7045230000 2.2671030000
OS 2.7040610000 2.2679670000
OS 2.7037770000 2.2689050000
OS 2.7036810000 2.2698810000
OS 2.7037770000 2.2708560000
OS 2.7040610000 2.2717940000
OS 2.7045230000 2.2726580000
OS 2.7051450000 2.2734160000
OS 2.7059030000 2.2740380000
OS 2.7067670000 2.2745000000
OS 2.7077050000 2.2747840000
OS 2.7086810000 2.2748810000
OS 2.7096560000 2.2747840000
OS 2.7098930000 2.2747310000
OS 2.7194170000 2.2723500000
OS 2.7201180000 2.2721190000
OS 2.7209820000 2.2716570000
OS 2.7217400000 2.2710350000
OS 2.7223620000 2.2702770000
OS 2.7228240000 2.2694130000
OS 2.7231080000 2.2684750000
OS 2.7232050000 2.2675000000
OS 2.7231080000 2.2665240000
OS 2.7228240000 2.2655860000
OS 2.7223620000 2.2647220000
OS 2.7217400000 2.2639640000
OS 2.7209820000 2.2633420000
OE
SE
S P 0
OB 2.7239420000 2.2602150000 I
OS 2.7229670000 2.2601190000
OS 2.7219910000 2.2602150000
OS 2.7217860000 2.2602770000
OS 2.7214960000 2.2612320000
OS 2.7206850000 2.2627500000
OS 2.7195930000 2.2640800000
OS 2.7182630000 2.2651720000
OS 2.7167450000 2.2659830000
OS 2.7150980000 2.2664830000
OS 2.7133860000 2.2666520000
OS 2.7132890000 2.2666420000
OS 2.7132050000 2.2675000000
OS 2.7133010000 2.2684750000
OS 2.7135850000 2.2694130000
OS 2.7140470000 2.2702770000
OS 2.7146690000 2.2710350000
OS 2.7154270000 2.2716570000
OS 2.7162910000 2.2721190000
OS 2.7172290000 2.2724030000
OS 2.7182050000 2.2724990000
OS 2.7191800000 2.2724030000
OS 2.7201180000 2.2721190000
OS 2.7204410000 2.2719720000
OS 2.7252030000 2.2695910000
OS 2.7257440000 2.2692760000
OS 2.7265020000 2.2686540000
OS 2.7271240000 2.2678960000
OS 2.7275860000 2.2670320000
OS 2.7278700000 2.2660940000
OS 2.7279660000 2.2651190000
OS 2.7278700000 2.2641430000
OS 2.7275860000 2.2632050000
OS 2.7271240000 2.2623410000
OS 2.7265020000 2.2615830000
OS 2.7257440000 2.2609610000
OS 2.7248800000 2.2604990000
OS 2.7239420000 2.2602150000
OE
SE
S P 0
OB 2.7263230000 2.2578340000 I
OS 2.7253480000 2.2577380000
OS 2.7243720000 2.2578340000
OS 2.7234340000 2.2581180000
OS 2.7225700000 2.2585800000
OS 2.7220530000 2.2590040000
OS 2.7219960000 2.2595850000
OS 2.7214960000 2.2612320000
OS 2.7206850000 2.2627500000
OS 2.7195930000 2.2640800000
OS 2.7182630000 2.2651720000
OS 2.7179870000 2.2653200000
OS 2.7180630000 2.2660940000
OS 2.7183470000 2.2670320000
OS 2.7188090000 2.2678960000
OS 2.7194310000 2.2686540000
OS 2.7201890000 2.2692760000
OS 2.7210530000 2.2697380000
OS 2.7219910000 2.2700220000
OS 2.7229670000 2.2701190000
OS 2.7239420000 2.2700220000
OS 2.7248800000 2.2697380000
OS 2.7257440000 2.2692760000
OS 2.7265020000 2.2686540000
OS 2.7288830000 2.2662730000
OS 2.7295050000 2.2655150000
OS 2.7299670000 2.2646510000
OS 2.7302510000 2.2637130000
OS 2.7303480000 2.2627380000
OS 2.7302510000 2.2617620000
OS 2.7299670000 2.2608240000
OS 2.7295050000 2.2599600000
OS 2.7288830000 2.2592020000
OS 2.7281250000 2.2585800000
OS 2.7272610000 2.2581180000
OS 2.7263230000 2.2578340000
OE
SE
S P 0
OB 2.7287040000 2.2530720000 I
OS 2.7277290000 2.2529760000
OS 2.7267530000 2.2530720000
OS 2.7258150000 2.2533560000
OS 2.7249510000 2.2538180000
OS 2.7241930000 2.2544400000
OS 2.7235710000 2.2551980000
OS 2.7232560000 2.2557390000
OS 2.7221590000 2.2579330000
OS 2.7219960000 2.2595850000
OS 2.7214960000 2.2612320000
OS 2.7206850000 2.2627500000
OS 2.7203850000 2.2631150000
OS 2.7204440000 2.2637130000
OS 2.7207280000 2.2646510000
OS 2.7211900000 2.2655150000
OS 2.7218120000 2.2662730000
OS 2.7225700000 2.2668950000
OS 2.7234340000 2.2673570000
OS 2.7243720000 2.2676410000
OS 2.7253480000 2.2677370000
OS 2.7263230000 2.2676410000
OS 2.7272610000 2.2673570000
OS 2.7281250000 2.2668950000
OS 2.7288830000 2.2662730000
OS 2.7295050000 2.2655150000
OS 2.7298200000 2.2649740000
OS 2.7322010000 2.2602120000
OS 2.7323480000 2.2598890000
OS 2.7326320000 2.2589510000
OS 2.7327280000 2.2579760000
OS 2.7326320000 2.2570000000
OS 2.7323480000 2.2560620000
OS 2.7318860000 2.2551980000
OS 2.7312640000 2.2544400000
OS 2.7305060000 2.2538180000
OS 2.7296420000 2.2533560000
OS 2.7287040000 2.2530720000
OE
SE
S P 0
OB 2.6882280000 2.2387860000 I
OS 2.6872530000 2.2386900000
OS 2.6862770000 2.2387860000
OS 2.6853390000 2.2390700000
OS 2.6850160000 2.2392170000
OS 2.6802540000 2.2415980000
OS 2.6797130000 2.2419130000
OS 2.6789550000 2.2425350000
OS 2.6783330000 2.2432930000
OS 2.6778710000 2.2441570000
OS 2.6775870000 2.2450950000
OS 2.6774910000 2.2460710000
OS 2.6775870000 2.2470460000
OS 2.6778710000 2.2479840000
OS 2.6783330000 2.2488480000
OS 2.6789550000 2.2496060000
OS 2.6789790000 2.2496260000
OS 2.6801770000 2.2492620000
OS 2.6818900000 2.2490940000
OS 2.6836020000 2.2492620000
OS 2.6852490000 2.2497620000
OS 2.6857520000 2.2500310000
OS 2.6894890000 2.2481620000
OS 2.6900300000 2.2478470000
OS 2.6907880000 2.2472250000
OS 2.6914100000 2.2464670000
OS 2.6918720000 2.2456030000
OS 2.6921560000 2.2446650000
OS 2.6922520000 2.2436900000
OS 2.6921560000 2.2427140000
OS 2.6918720000 2.2417760000
OS 2.6914100000 2.2409120000
OS 2.6907880000 2.2401540000
OS 2.6900300000 2.2395320000
OS 2.6891660000 2.2390700000
OS 2.6882280000 2.2387860000
OE
SE
S P 0
OB 2.6834660000 2.2411670000 I
OS 2.6824910000 2.2410710000
OS 2.6815150000 2.2411670000
OS 2.6805770000 2.2414510000
OS 2.6797130000 2.2419130000
OS 2.6789550000 2.2425350000
OS 2.6765740000 2.2449160000
OS 2.6759520000 2.2456740000
OS 2.6754900000 2.2465380000
OS 2.6752060000 2.2474760000
OS 2.6751100000 2.2484520000
OS 2.6752060000 2.2494270000
OS 2.6754900000 2.2503650000
OS 2.6759520000 2.2512290000
OS 2.6760570000 2.2513570000
OS 2.6770120000 2.2505730000
OS 2.6785300000 2.2497620000
OS 2.6801770000 2.2492620000
OS 2.6818900000 2.2490940000
OS 2.6836020000 2.2492620000
OS 2.6852490000 2.2497620000
OS 2.6856540000 2.2499780000
OS 2.6860260000 2.2496060000
OS 2.6866480000 2.2488480000
OS 2.6871100000 2.2479840000
OS 2.6873940000 2.2470460000
OS 2.6874910000 2.2460710000
OS 2.6873940000 2.2450950000
OS 2.6871100000 2.2441570000
OS 2.6866480000 2.2432930000
OS 2.6860260000 2.2425350000
OS 2.6852680000 2.2419130000
OS 2.6844040000 2.2414510000
OS 2.6834660000 2.2411670000
OE
SE
S P 0
OB 2.6810850000 2.2435480000 I
OS 2.6801100000 2.2434520000
OS 2.6791340000 2.2435480000
OS 2.6781960000 2.2438320000
OS 2.6773320000 2.2442940000
OS 2.6765740000 2.2449160000
OS 2.6759520000 2.2456740000
OS 2.6756370000 2.2462150000
OS 2.6732560000 2.2509770000
OS 2.6731090000 2.2513000000
OS 2.6728250000 2.2522380000
OS 2.6727290000 2.2532140000
OS 2.6728250000 2.2541890000
OS 2.6731090000 2.2551270000
OS 2.6734170000 2.2557040000
OS 2.6737790000 2.2545130000
OS 2.6745900000 2.2529950000
OS 2.6756820000 2.2516650000
OS 2.6770120000 2.2505730000
OS 2.6785300000 2.2497620000
OS 2.6801770000 2.2492620000
OS 2.6818900000 2.2490940000
OS 2.6836020000 2.2492620000
OS 2.6849400000 2.2496680000
OS 2.6850130000 2.2494270000
OS 2.6851090000 2.2484520000
OS 2.6850130000 2.2474760000
OS 2.6847290000 2.2465380000
OS 2.6842670000 2.2456740000
OS 2.6836450000 2.2449160000
OS 2.6828870000 2.2442940000
OS 2.6820230000 2.2438320000
OS 2.6810850000 2.2435480000
OE
SE
S P 0
OB 2.6890290000 2.2956740000 I
OS 2.6885230000 2.2950570000
OS 2.6880970000 2.2955760000
OS 2.6867670000 2.2966680000
OS 2.6852490000 2.2974790000
OS 2.6836020000 2.2979790000
OS 2.6818900000 2.2981480000
OS 2.6801770000 2.2979790000
OS 2.6785300000 2.2974790000
OS 2.6778560000 2.2971190000
OS 2.6749510000 2.2990560000
OS 2.6741930000 2.2996780000
OS 2.6735710000 2.3004360000
OS 2.6731090000 2.3013000000
OS 2.6728250000 2.3022380000
OS 2.6727290000 2.3032140000
OS 2.6728250000 2.3041890000
OS 2.6731090000 2.3051270000
OS 2.6735710000 2.3059910000
OS 2.6741930000 2.3067490000
OS 2.6749510000 2.3073710000
OS 2.6758150000 2.3078330000
OS 2.6767530000 2.3081170000
OS 2.6777290000 2.3082140000
OS 2.6787040000 2.3081170000
OS 2.6796420000 2.3078330000
OS 2.6805020000 2.3073740000
OS 2.6876450000 2.3026120000
OS 2.6884070000 2.3019870000
OS 2.6890290000 2.3012290000
OS 2.6894910000 2.3003650000
OS 2.6897750000 2.2994270000
OS 2.6898720000 2.2984520000
OS 2.6897750000 2.2974760000
OS 2.6894910000 2.2965380000
OS 2.6890290000 2.2956740000
OE
SE
S P 0
OB 2.6915470000 2.2890700000 I
OS 2.6906120000 2.2887870000
OS 2.6906690000 2.2893690000
OS 2.6905000000 2.2910810000
OS 2.6900000000 2.2927280000
OS 2.6891890000 2.2942460000
OS 2.6880970000 2.2955760000
OS 2.6867670000 2.2966680000
OS 2.6852490000 2.2974790000
OS 2.6836020000 2.2979790000
OS 2.6818900000 2.2981480000
OS 2.6801770000 2.2979790000
OS 2.6799260000 2.2979030000
OS 2.6798720000 2.2984520000
OS 2.6799680000 2.2994270000
OS 2.6802520000 2.3003650000
OS 2.6807140000 2.3012290000
OS 2.6813360000 2.3019870000
OS 2.6820940000 2.3026090000
OS 2.6829580000 2.3030710000
OS 2.6838960000 2.3033550000
OS 2.6848720000 2.3034520000
OS 2.6858470000 2.3033550000
OS 2.6867850000 2.3030710000
OS 2.6876490000 2.3026090000
OS 2.6884070000 2.3019870000
OS 2.6931690000 2.2972250000
OS 2.6937910000 2.2964670000
OS 2.6942530000 2.2956030000
OS 2.6945370000 2.2946650000
OS 2.6946340000 2.2936900000
OS 2.6945370000 2.2927140000
OS 2.6942530000 2.2917760000
OS 2.6937910000 2.2909120000
OS 2.6931690000 2.2901540000
OS 2.6924110000 2.2895320000
OS 2.6915470000 2.2890700000
OE
SE
S P 0
OB 2.6929900000 2.2840240000 I
OS 2.6920150000 2.2839280000
OS 2.6910390000 2.2840240000
OS 2.6901010000 2.2843080000
OS 2.6893160000 2.2847280000
OS 2.6900000000 2.2860090000
OS 2.6905000000 2.2876560000
OS 2.6906690000 2.2893690000
OS 2.6905000000 2.2910810000
OS 2.6900000000 2.2927280000
OS 2.6891890000 2.2942460000
OS 2.6880970000 2.2955760000
OS 2.6867670000 2.2966680000
OS 2.6859840000 2.2970860000
OS 2.6860980000 2.2972250000
OS 2.6868560000 2.2978470000
OS 2.6877200000 2.2983090000
OS 2.6886580000 2.2985930000
OS 2.6896340000 2.2986890000
OS 2.6906090000 2.2985930000
OS 2.6915470000 2.2983090000
OS 2.6924110000 2.2978470000
OS 2.6931690000 2.2972250000
OS 2.6937910000 2.2964670000
OS 2.6941060000 2.2959260000
OS 2.6964870000 2.2911640000
OS 2.6966340000 2.2908410000
OS 2.6969180000 2.2899030000
OS 2.6970140000 2.2889280000
OS 2.6969180000 2.2879520000
OS 2.6966340000 2.2870140000
OS 2.6961720000 2.2861500000
OS 2.6955500000 2.2853920000
OS 2.6947920000 2.2847700000
OS 2.6939280000 2.2843080000
OS 2.6929900000 2.2840240000
OE
SE
S P 0
OB 3.4824800000 3.5759830000 I
OS 3.4730320000 3.5889750000
OS 3.4919290000 3.5889750000
OS 3.4824800000 3.5759830000
OE
SE
S P 0
OB 1.9129920000 1.3041330000 I
OS 1.9000000000 1.3135810000
OS 1.9129920000 1.3230300000
OS 1.9129920000 1.3041330000
OE
SE
S P 0
OB 2.3107280000 3.6409440000 I
OS 2.2918310000 3.6409440000
OS 2.3012800000 3.6539360000
OS 2.3107280000 3.6409440000
OE
SE
S P 0
OB 0.8313980000 3.6285420000 I
OS 0.8219490000 3.6415340000
OS 0.8408470000 3.6415340000
OS 0.8313980000 3.6285420000
OE
SE
S P 0
OB 1.1872050000 3.6474400000 I
OS 1.1777560000 3.6604320000
OS 1.1966540000 3.6604320000
OS 1.1872050000 3.6474400000
OE
SE
S P 0
OB 3.2066830000 1.7009830000 I
OS 3.1877850000 1.7009830000
OS 3.1972340000 1.7139750000
OS 3.2066830000 1.7009830000
OE
SE
S P 0
OB 3.4302360000 0.7399230000 I
OS 3.4295870000 0.7355460000
OS 3.1762630000 0.7355460000
OS 3.1752870000 0.7356420000
OS 3.1743490000 0.7359260000
OS 3.1734850000 0.7363880000
OS 3.1727270000 0.7370100000
OS 3.1721050000 0.7377680000
OS 3.1716430000 0.7386320000
OS 3.1713590000 0.7395700000
OS 3.1712630000 0.7405460000
OS 3.1713590000 0.7415210000
OS 3.1716430000 0.7424590000
OS 3.1721050000 0.7433230000
OS 3.1727270000 0.7440810000
OS 3.1734850000 0.7447030000
OS 3.1743490000 0.7451650000
OS 3.1752870000 0.7454490000
OS 3.1762630000 0.7455460000
OS 3.4317660000 0.7455460000
OS 3.4313630000 0.7444200000
OS 3.4302360000 0.7399230000
OE
SE
S P 0
OB 3.9064870000 0.7356420000 I
OS 3.9055120000 0.7355460000
OS 3.5235600000 0.7355460000
OS 3.5229110000 0.7399230000
OS 3.5217840000 0.7444200000
OS 3.5213810000 0.7455460000
OS 3.9055120000 0.7455460000
OS 3.9064870000 0.7454490000
OS 3.9074250000 0.7451650000
OS 3.9082890000 0.7447030000
OS 3.9090470000 0.7440810000
OS 3.9096690000 0.7433230000
OS 3.9101310000 0.7424590000
OS 3.9104150000 0.7415210000
OS 3.9105120000 0.7405460000
OS 3.9104150000 0.7395700000
OS 3.9101310000 0.7386320000
OS 3.9096690000 0.7377680000
OS 3.9090470000 0.7370100000
OS 3.9082890000 0.7363880000
OS 3.9074250000 0.7359260000
OS 3.9064870000 0.7356420000
OE
SE
S P 0
OB 3.4313630000 0.1067510000 I
OS 3.4317660000 0.1056250000
OS 3.1766540000 0.1056250000
OS 3.1756780000 0.1057210000
OS 3.1747400000 0.1060050000
OS 3.1738760000 0.1064670000
OS 3.1731180000 0.1070890000
OS 3.1724960000 0.1078470000
OS 3.1720340000 0.1087110000
OS 3.1717500000 0.1096490000
OS 3.1716540000 0.1106250000
OS 3.1717500000 0.1116000000
OS 3.1720340000 0.1125380000
OS 3.1724960000 0.1134020000
OS 3.1731180000 0.1141600000
OS 3.1738760000 0.1147820000
OS 3.1747400000 0.1152440000
OS 3.1756780000 0.1155280000
OS 3.1766540000 0.1156250000
OS 3.4295870000 0.1156250000
OS 3.4302360000 0.1112480000
OS 3.4313630000 0.1067510000
OE
SE
S P 0
OB 3.9064870000 0.1057210000 I
OS 3.9055120000 0.1056250000
OS 3.5213810000 0.1056250000
OS 3.5217840000 0.1067510000
OS 3.5229110000 0.1112480000
OS 3.5235600000 0.1156250000
OS 3.9055120000 0.1156250000
OS 3.9064870000 0.1155280000
OS 3.9074250000 0.1152440000
OS 3.9082890000 0.1147820000
OS 3.9090470000 0.1141600000
OS 3.9096690000 0.1134020000
OS 3.9101310000 0.1125380000
OS 3.9104150000 0.1116000000
OS 3.9105120000 0.1106250000
OS 3.9104150000 0.1096490000
OS 3.9101310000 0.1087110000
OS 3.9096690000 0.1078470000
OS 3.9090470000 0.1070890000
OS 3.9082890000 0.1064670000
OS 3.9074250000 0.1060050000
OS 3.9064870000 0.1057210000
OE
SE
S P 0
OB 0.8383860000 2.6486210000 I
OS 0.8289370000 2.6616130000
OS 0.8478350000 2.6616130000
OS 0.8383860000 2.6486210000
OE
SE
S P 0
OB 1.1974410000 0.9104320000 I
OS 1.1844490000 0.9009830000
OS 1.1844490000 0.9198810000
OS 1.1974410000 0.9104320000
OE
SE
S P 0
OB 3.1884800000 3.0376170000 I
OS 3.1784800000 3.0376170000
OS 3.1784800000 3.0526170000
OS 3.1884800000 3.0526170000
OS 3.1884800000 3.0376170000
OE
SE
S P 0
OB 3.3484800000 2.9026170000 I
OS 3.3334800000 2.9026170000
OS 3.3334800000 2.9126170000
OS 3.3484800000 2.9126170000
OS 3.3484800000 2.9026170000
OE
SE
S P 0
OB 3.3684800000 3.1576170000 I
OS 3.3534800000 3.1576170000
OS 3.3534800000 3.1676170000
OS 3.3684800000 3.1676170000
OS 3.3684800000 3.1576170000
OE
SE
S P 0
OB 3.7542320000 3.5791330000 I
OS 3.7412400000 3.5885810000
OS 3.7542320000 3.5980300000
OS 3.7542320000 3.5791330000
OE
SE
S P 0
OB 3.2556100000 3.5737190000 I
OS 3.2461610000 3.5867110000
OS 3.2650590000 3.5867110000
OS 3.2556100000 3.5737190000
OE
SE
S P 0
OB 1.8951770000 0.4340540000 I
OS 1.8762800000 0.4340540000
OS 1.8857280000 0.4470460000
OS 1.8951770000 0.4340540000
OE
SE
S P 0
OB 1.5184060000 3.6533450000 I
OS 1.5089570000 3.6663370000
OS 1.5278540000 3.6663370000
OS 1.5184060000 3.6533450000
OE
SE
S P 0
OB 0.9911420000 0.9833650000 I
OS 0.9781500000 0.9739160000
OS 0.9781500000 0.9928140000
OS 0.9911420000 0.9833650000
OE
SE
S P 0
OB 1.7969490000 3.6159440000 I
OS 1.7875000000 3.6289360000
OS 1.8063980000 3.6289360000
OS 1.7969490000 3.6159440000
OE
SE
